0 1.759399e+09 3.135416e-08 
14 14 1.000000e+00 
(   4.00000000000e+00,  -7.34788079488e-16 ) 
(   4.00000000000e+00,   7.34788079488e-16 ) 
(  -1.46957615898e-15,  -4.00000000000e+00 ) 
(  -1.46957615898e-15,   4.00000000000e+00 ) 
1.524328e+01 -3.651642e+01 4.386357e+01  
1.524328e+01 -3.651642e+01 4.386357e+01  
204 
   9.89800008635e+03    1.98789471351e-01    2.25566246852e-01 
    1.98789471351e-01    2.25566246852e-01 
   9.89900008635e+03    1.98763040270e-01    2.25521235987e-01 
    1.98763040270e-01    2.25521235987e-01 
   9.90000008635e+03    1.98736613804e-01    2.25476238905e-01 
    1.98736613804e-01    2.25476238905e-01 
   9.90100008635e+03    1.98710191953e-01    2.25431255601e-01 
    1.98710191953e-01    2.25431255601e-01 
   9.90200008635e+03    1.98683774716e-01    2.25386286072e-01 
    1.98683774716e-01    2.25386286072e-01 
   9.90300008635e+03    1.98657362091e-01    2.25341330312e-01 
    1.98657362091e-01    2.25341330312e-01 
   9.90400008635e+03    1.98630954079e-01    2.25296388319e-01 
    1.98630954079e-01    2.25296388319e-01 
   9.90500008635e+03    1.98604550678e-01    2.25251460087e-01 
    1.98604550678e-01    2.25251460087e-01 
   9.90600008635e+03    1.98578151888e-01    2.25206545613e-01 
    1.98578151888e-01    2.25206545613e-01 
   9.90700008635e+03    1.98551757707e-01    2.25161644893e-01 
    1.98551757707e-01    2.25161644893e-01 
   9.90800008635e+03    1.98525368136e-01    2.25116757922e-01 
    1.98525368136e-01    2.25116757922e-01 
   9.90900008635e+03    1.98498983172e-01    2.25071884696e-01 
    1.98498983172e-01    2.25071884696e-01 
   9.91000008635e+03    1.98472602816e-01    2.25027025212e-01 
    1.98472602816e-01    2.25027025212e-01 
   9.91100008635e+03    1.98446227066e-01    2.24982179464e-01 
    1.98446227066e-01    2.24982179464e-01 
   9.91200008635e+03    1.98419855921e-01    2.24937347449e-01 
    1.98419855921e-01    2.24937347449e-01 
   9.91300008635e+03    1.98393489382e-01    2.24892529163e-01 
    1.98393489382e-01    2.24892529163e-01 
   9.91400008635e+03    1.98367127446e-01    2.24847724601e-01 
    1.98367127446e-01    2.24847724601e-01 
   9.91500008635e+03    1.98340770113e-01    2.24802933760e-01 
    1.98340770113e-01    2.24802933760e-01 
   9.91600008635e+03    1.98314417383e-01    2.24758156635e-01 
    1.98314417383e-01    2.24758156635e-01 
   9.91700008635e+03    1.98288069254e-01    2.24713393221e-01 
    1.98288069254e-01    2.24713393221e-01 
   9.91800008635e+03    1.98261725726e-01    2.24668643516e-01 
    1.98261725726e-01    2.24668643516e-01 
   9.91900008635e+03    1.98235386798e-01    2.24623907515e-01 
    1.98235386798e-01    2.24623907515e-01 
   9.92000008635e+03    1.98209052469e-01    2.24579185213e-01 
    1.98209052469e-01    2.24579185213e-01 
   9.92100008635e+03    1.98182722738e-01    2.24534476607e-01 
    1.98182722738e-01    2.24534476607e-01 
   9.92200008635e+03    1.98156397605e-01    2.24489781692e-01 
    1.98156397605e-01    2.24489781692e-01 
   9.92300008635e+03    1.98130077068e-01    2.24445100464e-01 
    1.98130077068e-01    2.24445100464e-01 
   9.92400008635e+03    1.98103761127e-01    2.24400432919e-01 
    1.98103761127e-01    2.24400432919e-01 
   9.92500008635e+03    1.98077449780e-01    2.24355779053e-01 
    1.98077449780e-01    2.24355779053e-01 
   9.92600008635e+03    1.98051143028e-01    2.24311138861e-01 
    1.98051143028e-01    2.24311138861e-01 
   9.92700008635e+03    1.98024840869e-01    2.24266512341e-01 
    1.98024840869e-01    2.24266512341e-01 
   9.92800008635e+03    1.97998543303e-01    2.24221899486e-01 
    1.97998543303e-01    2.24221899486e-01 
   9.92900008635e+03    1.97972250329e-01    2.24177300294e-01 
    1.97972250329e-01    2.24177300294e-01 
   9.93000008635e+03    1.97945961945e-01    2.24132714761e-01 
    1.97945961945e-01    2.24132714761e-01 
   9.93100008635e+03    1.97919678151e-01    2.24088142881e-01 
    1.97919678151e-01    2.24088142881e-01 
   9.93200008635e+03    1.97893398947e-01    2.24043584651e-01 
    1.97893398947e-01    2.24043584651e-01 
   9.93300008635e+03    1.97867124331e-01    2.23999040066e-01 
    1.97867124331e-01    2.23999040066e-01 
   9.93400008635e+03    1.97840854302e-01    2.23954509123e-01 
    1.97840854302e-01    2.23954509123e-01 
   9.93500008635e+03    1.97814588860e-01    2.23909991818e-01 
    1.97814588860e-01    2.23909991818e-01 
   9.93600008635e+03    1.97788328004e-01    2.23865488146e-01 
    1.97788328004e-01    2.23865488146e-01 
   9.93700008635e+03    1.97762071734e-01    2.23820998102e-01 
    1.97762071734e-01    2.23820998102e-01 
   9.93800008635e+03    1.97735820047e-01    2.23776521684e-01 
    1.97735820047e-01    2.23776521684e-01 
   9.93900008635e+03    1.97709572944e-01    2.23732058887e-01 
    1.97709572944e-01    2.23732058887e-01 
   9.94000008635e+03    1.97683330424e-01    2.23687609706e-01 
    1.97683330424e-01    2.23687609706e-01 
   9.94100008635e+03    1.97657092486e-01    2.23643174138e-01 
    1.97657092486e-01    2.23643174138e-01 
   9.94200008635e+03    1.97630859128e-01    2.23598752178e-01 
    1.97630859128e-01    2.23598752178e-01 
   9.94300008635e+03    1.97604630351e-01    2.23554343822e-01 
    1.97604630351e-01    2.23554343822e-01 
   9.94400008635e+03    1.97578406153e-01    2.23509949066e-01 
    1.97578406153e-01    2.23509949066e-01 
   9.94500008635e+03    1.97552186534e-01    2.23465567906e-01 
    1.97552186534e-01    2.23465567906e-01 
   9.94600008635e+03    1.97525971492e-01    2.23421200338e-01 
    1.97525971492e-01    2.23421200338e-01 
   9.94700008635e+03    1.97499761028e-01    2.23376846358e-01 
    1.97499761028e-01    2.23376846358e-01 
   9.94800008635e+03    1.97473555139e-01    2.23332505961e-01 
    1.97473555139e-01    2.23332505961e-01 
   9.94900008635e+03    1.97447353826e-01    2.23288179143e-01 
    1.97447353826e-01    2.23288179143e-01 
   9.95000008635e+03    1.97421157087e-01    2.23243865900e-01 
    1.97421157087e-01    2.23243865900e-01 
   9.95100008635e+03    1.97394964922e-01    2.23199566229e-01 
    1.97394964922e-01    2.23199566229e-01 
   9.95200008635e+03    1.97368777330e-01    2.23155280124e-01 
    1.97368777330e-01    2.23155280124e-01 
   9.95300008635e+03    1.97342594309e-01    2.23111007582e-01 
    1.97342594309e-01    2.23111007582e-01 
   9.95400008635e+03    1.97316415860e-01    2.23066748599e-01 
    1.97316415860e-01    2.23066748599e-01 
   9.95500008635e+03    1.97290241982e-01    2.23022503170e-01 
    1.97290241982e-01    2.23022503170e-01 
   9.95600008635e+03    1.97264072672e-01    2.22978271291e-01 
    1.97264072672e-01    2.22978271291e-01 
   9.95700008635e+03    1.97237907932e-01    2.22934052958e-01 
    1.97237907932e-01    2.22934052958e-01 
   9.95800008635e+03    1.97211747760e-01    2.22889848168e-01 
    1.97211747760e-01    2.22889848168e-01 
   9.95900008635e+03    1.97185592154e-01    2.22845656915e-01 
    1.97185592154e-01    2.22845656915e-01 
   9.96000008635e+03    1.97159441115e-01    2.22801479195e-01 
    1.97159441115e-01    2.22801479195e-01 
   9.96100008635e+03    1.97133294641e-01    2.22757315006e-01 
    1.97133294641e-01    2.22757315006e-01 
   9.96200008635e+03    1.97107152732e-01    2.22713164341e-01 
    1.97107152732e-01    2.22713164341e-01 
   9.96300008635e+03    1.97081015387e-01    2.22669027198e-01 
    1.97081015387e-01    2.22669027198e-01 
   9.96400008635e+03    1.97054882605e-01    2.22624903572e-01 
    1.97054882605e-01    2.22624903572e-01 
   9.96500008635e+03    1.97028754385e-01    2.22580793459e-01 
    1.97028754385e-01    2.22580793459e-01 
   9.96600008635e+03    1.97002630726e-01    2.22536696855e-01 
    1.97002630726e-01    2.22536696855e-01 
   9.96700008635e+03    1.96976511628e-01    2.22492613755e-01 
    1.96976511628e-01    2.22492613755e-01 
   9.96800008635e+03    1.96950397089e-01    2.22448544156e-01 
    1.96950397089e-01    2.22448544156e-01 
   9.96900008635e+03    1.96924287110e-01    2.22404488053e-01 
    1.96924287110e-01    2.22404488053e-01 
   9.97000008635e+03    1.96898181688e-01    2.22360445443e-01 
    1.96898181688e-01    2.22360445443e-01 
   9.97100008635e+03    1.96872080824e-01    2.22316416320e-01 
    1.96872080824e-01    2.22316416320e-01 
   9.97200008635e+03    1.96845984516e-01    2.22272400681e-01 
    1.96845984516e-01    2.22272400681e-01 
   9.97300008635e+03    1.96819892764e-01    2.22228398522e-01 
    1.96819892764e-01    2.22228398522e-01 
   9.97400008635e+03    1.96793805567e-01    2.22184409839e-01 
    1.96793805567e-01    2.22184409839e-01 
   9.97500008635e+03    1.96767722923e-01    2.22140434627e-01 
    1.96767722923e-01    2.22140434627e-01 
   9.97600008635e+03    1.96741644833e-01    2.22096472882e-01 
    1.96741644833e-01    2.22096472882e-01 
   9.97700008635e+03    1.96715571295e-01    2.22052524601e-01 
    1.96715571295e-01    2.22052524601e-01 
   9.97800008635e+03    1.96689502309e-01    2.22008589778e-01 
    1.96689502309e-01    2.22008589778e-01 
   9.97900008635e+03    1.96663437873e-01    2.21964668410e-01 
    1.96663437873e-01    2.21964668410e-01 
   9.98000008635e+03    1.96637377987e-01    2.21920760493e-01 
    1.96637377987e-01    2.21920760493e-01 
   9.98100008635e+03    1.96611322651e-01    2.21876866023e-01 
    1.96611322651e-01    2.21876866023e-01 
   9.98200008635e+03    1.96585271862e-01    2.21832984995e-01 
    1.96585271862e-01    2.21832984995e-01 
   9.98300008635e+03    1.96559225621e-01    2.21789117405e-01 
    1.96559225621e-01    2.21789117405e-01 
   9.98400008635e+03    1.96533183927e-01    2.21745263249e-01 
    1.96533183927e-01    2.21745263249e-01 
   9.98500008635e+03    1.96507146778e-01    2.21701422524e-01 
    1.96507146778e-01    2.21701422524e-01 
   9.98600008635e+03    1.96481114175e-01    2.21657595224e-01 
    1.96481114175e-01    2.21657595224e-01 
   9.98700008635e+03    1.96455086115e-01    2.21613781345e-01 
    1.96455086115e-01    2.21613781345e-01 
   9.98800008635e+03    1.96429062599e-01    2.21569980885e-01 
    1.96429062599e-01    2.21569980885e-01 
   9.98900008635e+03    1.96403043625e-01    2.21526193837e-01 
    1.96403043625e-01    2.21526193837e-01 
   9.99000008635e+03    1.96377029193e-01    2.21482420199e-01 
    1.96377029193e-01    2.21482420199e-01 
   9.99100008635e+03    1.96351019302e-01    2.21438659966e-01 
    1.96351019302e-01    2.21438659966e-01 
   9.99200008635e+03    1.96325013951e-01    2.21394913134e-01 
    1.96325013951e-01    2.21394913134e-01 
   9.99300008635e+03    1.96299013140e-01    2.21351179698e-01 
    1.96299013140e-01    2.21351179698e-01 
   9.99400008635e+03    1.96273016866e-01    2.21307459655e-01 
    1.96273016866e-01    2.21307459655e-01 
   9.99500008635e+03    1.96247025131e-01    2.21263753001e-01 
    1.96247025131e-01    2.21263753001e-01 
   9.99600008635e+03    1.96221037932e-01    2.21220059731e-01 
    1.96221037932e-01    2.21220059731e-01 
   9.99700008635e+03    1.96195055269e-01    2.21176379841e-01 
    1.96195055269e-01    2.21176379841e-01 
   9.99800008635e+03    1.96169077141e-01    2.21132713327e-01 
    1.96169077141e-01    2.21132713327e-01 
   9.99900008635e+03    1.96143103547e-01    2.21089060185e-01 
    1.96143103547e-01    2.21089060185e-01 
   1.00000000863e+04    1.96117134487e-01    2.21045420411e-01 
    1.96117134487e-01    2.21045420411e-01 
   1.00010000863e+04    1.96091169960e-01    2.21001794001e-01 
    1.96091169960e-01    2.21001794001e-01 
   1.00020000863e+04    1.96065209964e-01    2.20958180949e-01 
    1.96065209964e-01    2.20958180949e-01 
   1.00030000863e+04    1.96039254500e-01    2.20914581253e-01 
    1.96039254500e-01    2.20914581253e-01 
   1.00040000863e+04    1.96013303566e-01    2.20870994909e-01 
    1.96013303566e-01    2.20870994909e-01 
   1.00050000863e+04    1.95987357161e-01    2.20827421911e-01 
    1.95987357161e-01    2.20827421911e-01 
   1.00060000863e+04    1.95961415284e-01    2.20783862256e-01 
    1.95961415284e-01    2.20783862256e-01 
   1.00070000863e+04    1.95935477936e-01    2.20740315940e-01 
    1.95935477936e-01    2.20740315940e-01 
   1.00080000863e+04    1.95909545114e-01    2.20696782958e-01 
    1.95909545114e-01    2.20696782958e-01 
   1.00090000863e+04    1.95883616819e-01    2.20653263306e-01 
    1.95883616819e-01    2.20653263306e-01 
   1.00100000863e+04    1.95857693049e-01    2.20609756981e-01 
    1.95857693049e-01    2.20609756981e-01 
   1.00110000863e+04    1.95831773803e-01    2.20566263978e-01 
    1.95831773803e-01    2.20566263978e-01 
   1.00120000863e+04    1.95805859081e-01    2.20522784293e-01 
    1.95805859081e-01    2.20522784293e-01 
   1.00130000863e+04    1.95779948882e-01    2.20479317922e-01 
    1.95779948882e-01    2.20479317922e-01 
   1.00140000863e+04    1.95754043205e-01    2.20435864860e-01 
    1.95754043205e-01    2.20435864860e-01 
   1.00150000863e+04    1.95728142050e-01    2.20392425104e-01 
    1.95728142050e-01    2.20392425104e-01 
   1.00160000863e+04    1.95702245414e-01    2.20348998649e-01 
    1.95702245414e-01    2.20348998649e-01 
   1.00170000863e+04    1.95676353298e-01    2.20305585492e-01 
    1.95676353298e-01    2.20305585492e-01 
   1.00180000863e+04    1.95650465701e-01    2.20262185627e-01 
    1.95650465701e-01    2.20262185627e-01 
   1.00190000863e+04    1.95624582622e-01    2.20218799052e-01 
    1.95624582622e-01    2.20218799052e-01 
   1.00200000863e+04    1.95598704060e-01    2.20175425761e-01 
    1.95598704060e-01    2.20175425761e-01 
   1.00210000863e+04    1.95572830014e-01    2.20132065750e-01 
    1.95572830014e-01    2.20132065750e-01 
   1.00220000863e+04    1.95546960484e-01    2.20088719017e-01 
    1.95546960484e-01    2.20088719017e-01 
   1.00230000863e+04    1.95521095468e-01    2.20045385555e-01 
    1.95521095468e-01    2.20045385555e-01 
   1.00240000863e+04    1.95495234966e-01    2.20002065362e-01 
    1.95495234966e-01    2.20002065362e-01 
   1.00250000863e+04    1.95469378978e-01    2.19958758433e-01 
    1.95469378978e-01    2.19958758433e-01 
   1.00260000863e+04    1.95443527501e-01    2.19915464763e-01 
    1.95443527501e-01    2.19915464763e-01 
   1.00270000863e+04    1.95417680536e-01    2.19872184349e-01 
    1.95417680536e-01    2.19872184349e-01 
   1.00280000863e+04    1.95391838081e-01    2.19828917187e-01 
    1.95391838081e-01    2.19828917187e-01 
   1.00290000863e+04    1.95366000136e-01    2.19785663272e-01 
    1.95366000136e-01    2.19785663272e-01 
   1.00300000863e+04    1.95340166700e-01    2.19742422601e-01 
    1.95340166700e-01    2.19742422601e-01 
   1.00310000863e+04    1.95314337773e-01    2.19699195169e-01 
    1.95314337773e-01    2.19699195169e-01 
   1.00320000863e+04    1.95288513352e-01    2.19655980971e-01 
    1.95288513352e-01    2.19655980971e-01 
   1.00330000863e+04    1.95262693438e-01    2.19612780005e-01 
    1.95262693438e-01    2.19612780005e-01 
   1.00340000863e+04    1.95236878029e-01    2.19569592265e-01 
    1.95236878029e-01    2.19569592265e-01 
   1.00350000863e+04    1.95211067126e-01    2.19526417748e-01 
    1.95211067126e-01    2.19526417748e-01 
   1.00360000863e+04    1.95185260726e-01    2.19483256449e-01 
    1.95185260726e-01    2.19483256449e-01 
   1.00370000863e+04    1.95159458830e-01    2.19440108364e-01 
    1.95159458830e-01    2.19440108364e-01 
   1.00380000863e+04    1.95133661436e-01    2.19396973489e-01 
    1.95133661436e-01    2.19396973489e-01 
   1.00390000863e+04    1.95107868543e-01    2.19353851821e-01 
    1.95107868543e-01    2.19353851821e-01 
   1.00400000863e+04    1.95082080151e-01    2.19310743354e-01 
    1.95082080151e-01    2.19310743354e-01 
   1.00410000863e+04    1.95056296259e-01    2.19267648084e-01 
    1.95056296259e-01    2.19267648084e-01 
   1.00420000863e+04    1.95030516867e-01    2.19224566009e-01 
    1.95030516867e-01    2.19224566009e-01 
   1.00430000863e+04    1.95004741972e-01    2.19181497122e-01 
    1.95004741972e-01    2.19181497122e-01 
   1.00440000863e+04    1.94978971575e-01    2.19138441421e-01 
    1.94978971575e-01    2.19138441421e-01 
   1.00450000863e+04    1.94953205675e-01    2.19095398901e-01 
    1.94953205675e-01    2.19095398901e-01 
   1.00460000863e+04    1.94927444270e-01    2.19052369557e-01 
    1.94927444270e-01    2.19052369557e-01 
   1.00470000863e+04    1.94901687360e-01    2.19009353387e-01 
    1.94901687360e-01    2.19009353387e-01 
   1.00480000863e+04    1.94875934945e-01    2.18966350385e-01 
    1.94875934945e-01    2.18966350385e-01 
   1.00490000863e+04    1.94850187023e-01    2.18923360547e-01 
    1.94850187023e-01    2.18923360547e-01 
   1.00500000863e+04    1.94824443593e-01    2.18880383870e-01 
    1.94824443593e-01    2.18880383870e-01 
   1.00510000863e+04    1.94798704656e-01    2.18837420349e-01 
    1.94798704656e-01    2.18837420349e-01 
   1.00520000863e+04    1.94772970209e-01    2.18794469980e-01 
    1.94772970209e-01    2.18794469980e-01 
   1.00530000863e+04    1.94747240252e-01    2.18751532759e-01 
    1.94747240252e-01    2.18751532759e-01 
   1.00540000863e+04    1.94721514784e-01    2.18708608681e-01 
    1.94721514784e-01    2.18708608681e-01 
   1.00550000863e+04    1.94695793805e-01    2.18665697743e-01 
    1.94695793805e-01    2.18665697743e-01 
   1.00560000863e+04    1.94670077313e-01    2.18622799941e-01 
    1.94670077313e-01    2.18622799941e-01 
   1.00570000863e+04    1.94644365309e-01    2.18579915269e-01 
    1.94644365309e-01    2.18579915269e-01 
   1.00580000863e+04    1.94618657790e-01    2.18537043725e-01 
    1.94618657790e-01    2.18537043725e-01 
   1.00590000863e+04    1.94592954756e-01    2.18494185304e-01 
    1.94592954756e-01    2.18494185304e-01 
   1.00600000863e+04    1.94567256207e-01    2.18451340001e-01 
    1.94567256207e-01    2.18451340001e-01 
   1.00610000863e+04    1.94541562141e-01    2.18408507814e-01 
    1.94541562141e-01    2.18408507814e-01 
   1.00620000863e+04    1.94515872558e-01    2.18365688737e-01 
    1.94515872558e-01    2.18365688737e-01 
   1.00630000863e+04    1.94490187457e-01    2.18322882766e-01 
    1.94490187457e-01    2.18322882766e-01 
   1.00640000863e+04    1.94464506837e-01    2.18280089897e-01 
    1.94464506837e-01    2.18280089897e-01 
   1.00650000863e+04    1.94438830698e-01    2.18237310127e-01 
    1.94438830698e-01    2.18237310127e-01 
   1.00660000863e+04    1.94413159037e-01    2.18194543450e-01 
    1.94413159037e-01    2.18194543450e-01 
   1.00670000863e+04    1.94387491855e-01    2.18151789863e-01 
    1.94387491855e-01    2.18151789863e-01 
   1.00680000863e+04    1.94361829151e-01    2.18109049362e-01 
    1.94361829151e-01    2.18109049362e-01 
   1.00690000863e+04    1.94336170924e-01    2.18066321942e-01 
    1.94336170924e-01    2.18066321942e-01 
   1.00700000863e+04    1.94310517174e-01    2.18023607600e-01 
    1.94310517174e-01    2.18023607600e-01 
   1.00710000863e+04    1.94284867898e-01    2.17980906330e-01 
    1.94284867898e-01    2.17980906330e-01 
   1.00720000863e+04    1.94259223097e-01    2.17938218130e-01 
    1.94259223097e-01    2.17938218130e-01 
   1.00730000863e+04    1.94233582770e-01    2.17895542995e-01 
    1.94233582770e-01    2.17895542995e-01 
   1.00740000863e+04    1.94207946915e-01    2.17852880920e-01 
    1.94207946915e-01    2.17852880920e-01 
   1.00750000863e+04    1.94182315533e-01    2.17810231902e-01 
    1.94182315533e-01    2.17810231902e-01 
   1.00760000863e+04    1.94156688622e-01    2.17767595937e-01 
    1.94156688622e-01    2.17767595937e-01 
   1.00770000863e+04    1.94131066181e-01    2.17724973020e-01 
    1.94131066181e-01    2.17724973020e-01 
   1.00780000863e+04    1.94105448210e-01    2.17682363146e-01 
    1.94105448210e-01    2.17682363146e-01 
   1.00790000863e+04    1.94079834708e-01    2.17639766313e-01 
    1.94079834708e-01    2.17639766313e-01 
   1.00800000863e+04    1.94054225673e-01    2.17597182516e-01 
    1.94054225673e-01    2.17597182516e-01 
   1.00810000863e+04    1.94028621106e-01    2.17554611750e-01 
    1.94028621106e-01    2.17554611750e-01 
   1.00820000863e+04    1.94003021005e-01    2.17512054012e-01 
    1.94003021005e-01    2.17512054012e-01 
   1.00830000863e+04    1.93977425370e-01    2.17469509298e-01 
    1.93977425370e-01    2.17469509298e-01 
   1.00840000863e+04    1.93951834199e-01    2.17426977602e-01 
    1.93951834199e-01    2.17426977602e-01 
   1.00850000863e+04    1.93926247492e-01    2.17384458922e-01 
    1.93926247492e-01    2.17384458922e-01 
   1.00860000863e+04    1.93900665248e-01    2.17341953253e-01 
    1.93900665248e-01    2.17341953253e-01 
   1.00870000863e+04    1.93875087467e-01    2.17299460590e-01 
    1.93875087467e-01    2.17299460590e-01 
   1.00880000863e+04    1.93849514146e-01    2.17256980930e-01 
    1.93849514146e-01    2.17256980930e-01 
   1.00890000863e+04    1.93823945287e-01    2.17214514269e-01 
    1.93823945287e-01    2.17214514269e-01 
   1.00900000863e+04    1.93798380887e-01    2.17172060602e-01 
    1.93798380887e-01    2.17172060602e-01 
   1.00910000863e+04    1.93772820946e-01    2.17129619925e-01 
    1.93772820946e-01    2.17129619925e-01 
   1.00920000863e+04    1.93747265463e-01    2.17087192234e-01 
    1.93747265463e-01    2.17087192234e-01 
   1.00930000863e+04    1.93721714438e-01    2.17044777526e-01 
    1.93721714438e-01    2.17044777526e-01 
   1.00940000863e+04    1.93696167869e-01    2.17002375794e-01 
    1.93696167869e-01    2.17002375794e-01 
   1.00950000863e+04    1.93670625755e-01    2.16959987037e-01 
    1.93670625755e-01    2.16959987037e-01 
   1.00960000863e+04    1.93645088097e-01    2.16917611249e-01 
    1.93645088097e-01    2.16917611249e-01 
   1.00970000863e+04    1.93619554893e-01    2.16875248426e-01 
    1.93619554893e-01    2.16875248426e-01 
   1.00980000863e+04    1.93594026141e-01    2.16832898565e-01 
    1.93594026141e-01    2.16832898565e-01 
   1.00990000863e+04    1.93568501842e-01    2.16790561660e-01 
    1.93568501842e-01    2.16790561660e-01 
   1.01000000863e+04    1.93542981995e-01    2.16748237709e-01 
    1.93542981995e-01    2.16748237709e-01 
   1.01010000863e+04    1.93517466599e-01    2.16705926706e-01 
    1.93517466599e-01    2.16705926706e-01 
