   5.01603990584e+08    5.11942160994e+08    5.06773071616e+04    1.07250000000e+01 
204 
6.691866e-05 
6.690410e-05 
6.688954e-05 
6.687499e-05 
6.686044e-05 
6.684590e-05 
6.683136e-05 
6.681682e-05 
6.680229e-05 
6.678777e-05 
6.677324e-05 
6.675873e-05 
6.674421e-05 
6.672971e-05 
6.671520e-05 
6.670070e-05 
6.668621e-05 
6.667172e-05 
6.665723e-05 
6.664275e-05 
6.662827e-05 
6.661380e-05 
6.659933e-05 
6.658487e-05 
6.657041e-05 
6.655596e-05 
6.654151e-05 
6.652706e-05 
6.651262e-05 
6.649818e-05 
6.648375e-05 
6.646932e-05 
6.645490e-05 
6.644048e-05 
6.642606e-05 
6.641165e-05 
6.639725e-05 
6.638285e-05 
6.636845e-05 
6.635406e-05 
6.633967e-05 
6.632528e-05 
6.631090e-05 
6.629653e-05 
6.628216e-05 
6.626779e-05 
6.625343e-05 
6.623907e-05 
6.622472e-05 
6.621037e-05 
6.619603e-05 
6.618169e-05 
6.616735e-05 
6.615302e-05 
6.613870e-05 
6.612437e-05 
6.611006e-05 
6.609574e-05 
6.608143e-05 
6.606713e-05 
6.605283e-05 
6.603853e-05 
6.602424e-05 
6.600995e-05 
6.599567e-05 
6.598139e-05 
6.596712e-05 
6.595285e-05 
6.593859e-05 
6.592432e-05 
6.591007e-05 
6.589582e-05 
6.588157e-05 
6.586733e-05 
6.585309e-05 
6.583885e-05 
6.582462e-05 
6.581040e-05 
6.579618e-05 
6.578196e-05 
6.576775e-05 
6.575354e-05 
6.573933e-05 
6.572513e-05 
6.571094e-05 
6.569675e-05 
6.568256e-05 
6.566838e-05 
6.565420e-05 
6.564003e-05 
6.562586e-05 
6.561170e-05 
6.559754e-05 
6.558338e-05 
6.556923e-05 
6.555508e-05 
6.554094e-05 
6.552680e-05 
6.551267e-05 
6.549854e-05 
6.548441e-05 
6.547029e-05 
6.545617e-05 
6.544155e-05 
6.542694e-05 
6.541232e-05 
6.539772e-05 
6.538312e-05 
6.536852e-05 
6.535392e-05 
6.533934e-05 
6.532475e-05 
6.531017e-05 
6.529560e-05 
6.528103e-05 
6.526646e-05 
6.525190e-05 
6.523734e-05 
6.522279e-05 
6.520824e-05 
6.519370e-05 
6.517916e-05 
6.516462e-05 
6.515009e-05 
6.513557e-05 
6.512105e-05 
6.510653e-05 
6.509202e-05 
6.507751e-05 
6.506301e-05 
6.504851e-05 
6.503401e-05 
6.501953e-05 
6.500504e-05 
6.499056e-05 
6.497608e-05 
6.496161e-05 
6.494714e-05 
6.493268e-05 
6.491822e-05 
6.490377e-05 
6.488932e-05 
6.487488e-05 
6.486044e-05 
6.484600e-05 
6.483157e-05 
6.481714e-05 
6.480272e-05 
6.478830e-05 
6.477389e-05 
6.475948e-05 
6.474507e-05 
6.473067e-05 
6.471628e-05 
6.470189e-05 
6.468750e-05 
6.467312e-05 
6.465874e-05 
6.464436e-05 
6.463000e-05 
6.461563e-05 
6.460127e-05 
6.458691e-05 
6.457256e-05 
6.455822e-05 
6.454387e-05 
6.452954e-05 
6.451520e-05 
6.450087e-05 
6.448655e-05 
6.447223e-05 
6.445791e-05 
6.444360e-05 
6.442929e-05 
6.441499e-05 
6.440069e-05 
6.438640e-05 
6.437211e-05 
6.435782e-05 
6.434354e-05 
6.432927e-05 
6.431499e-05 
6.430073e-05 
6.428646e-05 
6.427220e-05 
6.425795e-05 
6.424370e-05 
6.422945e-05 
6.421521e-05 
6.420098e-05 
6.418674e-05 
6.417252e-05 
6.415829e-05 
6.414407e-05 
6.412986e-05 
6.411565e-05 
6.410144e-05 
6.408724e-05 
6.407304e-05 
6.405885e-05 
6.404466e-05 
6.403048e-05 
6.401630e-05 
6.400212e-05 
4.968535e-06 
4.966773e-06 
4.965011e-06 
4.963250e-06 
4.961490e-06 
4.959731e-06 
4.957973e-06 
4.956215e-06 
4.954458e-06 
4.952702e-06 
4.950947e-06 
4.949193e-06 
4.947439e-06 
4.945686e-06 
4.943934e-06 
4.942183e-06 
4.940433e-06 
4.938683e-06 
4.936934e-06 
4.935186e-06 
4.933439e-06 
4.931693e-06 
4.929947e-06 
4.928202e-06 
4.926458e-06 
4.924715e-06 
4.922973e-06 
4.921231e-06 
4.919490e-06 
4.917750e-06 
4.916011e-06 
4.914273e-06 
4.912535e-06 
4.910798e-06 
4.909062e-06 
4.907327e-06 
4.905593e-06 
4.903859e-06 
4.902126e-06 
4.900394e-06 
4.898663e-06 
4.896932e-06 
4.895203e-06 
4.893474e-06 
4.891746e-06 
4.890018e-06 
4.888292e-06 
4.886566e-06 
4.884841e-06 
4.883117e-06 
4.881393e-06 
4.879671e-06 
4.877949e-06 
4.876228e-06 
4.874508e-06 
4.872788e-06 
4.871070e-06 
4.869352e-06 
4.867634e-06 
4.865918e-06 
4.864203e-06 
4.862488e-06 
4.860774e-06 
4.859061e-06 
4.857348e-06 
4.855636e-06 
4.853926e-06 
4.852216e-06 
4.850506e-06 
4.848798e-06 
4.847090e-06 
4.845383e-06 
4.843677e-06 
4.841971e-06 
4.840267e-06 
4.838563e-06 
4.836860e-06 
4.835157e-06 
4.833456e-06 
4.831755e-06 
4.830055e-06 
4.828356e-06 
4.826657e-06 
4.824959e-06 
4.823263e-06 
4.821566e-06 
4.819871e-06 
4.818176e-06 
4.816483e-06 
4.814789e-06 
4.813097e-06 
4.811406e-06 
4.809715e-06 
4.808025e-06 
4.806336e-06 
4.804647e-06 
4.802959e-06 
4.801272e-06 
4.799586e-06 
4.797901e-06 
4.796216e-06 
4.794532e-06 
4.792849e-06 
4.791156e-06 
4.789464e-06 
4.787773e-06 
4.786082e-06 
4.784392e-06 
4.782703e-06 
4.781015e-06 
4.779328e-06 
4.777641e-06 
4.775955e-06 
4.774270e-06 
4.772585e-06 
4.770901e-06 
4.769219e-06 
4.767536e-06 
4.765855e-06 
4.764174e-06 
4.762495e-06 
4.760816e-06 
4.759137e-06 
4.757460e-06 
4.755783e-06 
4.754107e-06 
4.752432e-06 
4.750757e-06 
4.749083e-06 
4.747410e-06 
4.745738e-06 
4.744067e-06 
4.742396e-06 
4.740726e-06 
4.739057e-06 
4.737388e-06 
4.735721e-06 
4.734054e-06 
4.732388e-06 
4.730722e-06 
4.729058e-06 
4.727394e-06 
4.725730e-06 
4.724068e-06 
4.722406e-06 
4.720746e-06 
4.719085e-06 
4.717426e-06 
4.715768e-06 
4.714110e-06 
4.712453e-06 
4.710796e-06 
4.709141e-06 
4.707486e-06 
4.705832e-06 
4.704178e-06 
4.702526e-06 
4.700874e-06 
4.699223e-06 
4.697572e-06 
4.695923e-06 
4.694274e-06 
4.692626e-06 
4.690978e-06 
4.689332e-06 
4.687686e-06 
4.686041e-06 
4.684396e-06 
4.682753e-06 
4.681110e-06 
4.679468e-06 
4.677826e-06 
4.676186e-06 
4.674546e-06 
4.672907e-06 
4.671268e-06 
4.669630e-06 
4.667993e-06 
4.666357e-06 
4.664722e-06 
4.663087e-06 
4.661453e-06 
4.659820e-06 
4.658187e-06 
4.656555e-06 
4.654924e-06 
4.653294e-06 
4.651665e-06 
4.650036e-06 
4.648408e-06 
4.646780e-06 
4.645154e-06 
4.643528e-06 
4.641903e-06 
4.640278e-06 
4.638654e-06 
4.637032e-06 
4.635409e-06 
4.633788e-06 
4.632167e-06 
4.630547e-06 
4.628928e-06 
4.627309e-06 
4.625691e-06 
