0 1.759399e+09 3.135416e-08 
14 14 1.000000e+00 
(   4.00000000000e+00,  -7.34788079488e-16 ) 
(   4.00000000000e+00,   7.34788079488e-16 ) 
(  -1.46957615898e-15,  -4.00000000000e+00 ) 
(  -1.46957615898e-15,   4.00000000000e+00 ) 
1.524328e+01 -3.651642e+01 4.386357e+01  
1.524328e+01 -3.651642e+01 4.386357e+01  
202 
   4.89900004283e+03    3.83835768730e-01    8.42779081983e-01 
    3.83835768730e-01    8.42779081983e-01 
   4.90000004283e+03    3.83811351755e-01    8.42468677748e-01 
    3.83811351755e-01    8.42468677748e-01 
   4.90100004283e+03    3.83786882298e-01    8.42158453744e-01 
    3.83786882298e-01    8.42158453744e-01 
   4.90200004283e+03    3.83762360424e-01    8.41848409861e-01 
    3.83762360424e-01    8.41848409861e-01 
   4.90300004283e+03    3.83737786196e-01    8.41538545989e-01 
    3.83737786196e-01    8.41538545989e-01 
   4.90400004283e+03    3.83713159675e-01    8.41228862016e-01 
    3.83713159675e-01    8.41228862016e-01 
   4.90500004283e+03    3.83688480924e-01    8.40919357833e-01 
    3.83688480924e-01    8.40919357833e-01 
   4.90600004283e+03    3.83663750008e-01    8.40610033328e-01 
    3.83663750008e-01    8.40610033328e-01 
   4.90700004283e+03    3.83638966987e-01    8.40300888391e-01 
    3.83638966987e-01    8.40300888391e-01 
   4.90800004283e+03    3.83614131926e-01    8.39991922911e-01 
    3.83614131926e-01    8.39991922911e-01 
   4.90900004283e+03    3.83589244887e-01    8.39683136778e-01 
    3.83589244887e-01    8.39683136778e-01 
   4.91000004283e+03    3.83564305932e-01    8.39374529881e-01 
    3.83564305932e-01    8.39374529881e-01 
   4.91100004283e+03    3.83539315125e-01    8.39066102109e-01 
    3.83539315125e-01    8.39066102109e-01 
   4.91200004283e+03    3.83514272529e-01    8.38757853352e-01 
    3.83514272529e-01    8.38757853352e-01 
   4.91300004283e+03    3.83489178205e-01    8.38449783498e-01 
    3.83489178205e-01    8.38449783498e-01 
   4.91400004283e+03    3.83464032218e-01    8.38141892438e-01 
    3.83464032218e-01    8.38141892438e-01 
   4.91500004283e+03    3.83438834630e-01    8.37834180061e-01 
    3.83438834630e-01    8.37834180061e-01 
   4.91600004283e+03    3.83413585503e-01    8.37526646256e-01 
    3.83413585503e-01    8.37526646256e-01 
   4.91700004283e+03    3.83388284901e-01    8.37219290912e-01 
    3.83388284901e-01    8.37219290912e-01 
   4.91800004283e+03    3.83362932886e-01    8.36912113919e-01 
    3.83362932886e-01    8.36912113919e-01 
   4.91900004283e+03    3.83337529522e-01    8.36605115166e-01 
    3.83337529522e-01    8.36605115166e-01 
   4.92000004283e+03    3.83312074870e-01    8.36298294543e-01 
    3.83312074870e-01    8.36298294543e-01 
   4.92100004283e+03    3.83286568994e-01    8.35991651939e-01 
    3.83286568994e-01    8.35991651939e-01 
   4.92200004283e+03    3.83261011957e-01    8.35685187242e-01 
    3.83261011957e-01    8.35685187242e-01 
   4.92300004283e+03    3.83235403821e-01    8.35378900344e-01 
    3.83235403821e-01    8.35378900344e-01 
   4.92400004283e+03    3.83209744649e-01    8.35072791132e-01 
    3.83209744649e-01    8.35072791132e-01 
   4.92500004283e+03    3.83184034505e-01    8.34766859496e-01 
    3.83184034505e-01    8.34766859496e-01 
   4.92600004283e+03    3.83158273450e-01    8.34461105326e-01 
    3.83158273450e-01    8.34461105326e-01 
   4.92700004283e+03    3.83132461548e-01    8.34155528511e-01 
    3.83132461548e-01    8.34155528511e-01 
   4.92800004283e+03    3.83106598862e-01    8.33850128941e-01 
    3.83106598862e-01    8.33850128941e-01 
   4.92900004283e+03    3.83080685453e-01    8.33544906504e-01 
    3.83080685453e-01    8.33544906504e-01 
   4.93000004283e+03    3.83054721386e-01    8.33239861090e-01 
    3.83054721386e-01    8.33239861090e-01 
   4.93100004283e+03    3.83028706723e-01    8.32934992589e-01 
    3.83028706723e-01    8.32934992589e-01 
   4.93200004283e+03    3.83002641527e-01    8.32630300889e-01 
    3.83002641527e-01    8.32630300889e-01 
   4.93300004283e+03    3.82976525860e-01    8.32325785880e-01 
    3.82976525860e-01    8.32325785880e-01 
   4.93400004283e+03    3.82950359786e-01    8.32021447452e-01 
    3.82950359786e-01    8.32021447452e-01 
   4.93500004283e+03    3.82924143367e-01    8.31717285494e-01 
    3.82924143367e-01    8.31717285494e-01 
   4.93600004283e+03    3.82897876666e-01    8.31413299895e-01 
    3.82897876666e-01    8.31413299895e-01 
   4.93700004283e+03    3.82871559746e-01    8.31109490544e-01 
    3.82871559746e-01    8.31109490544e-01 
   4.93800004283e+03    3.82845192670e-01    8.30805857332e-01 
    3.82845192670e-01    8.30805857332e-01 
   4.93900004283e+03    3.82818775500e-01    8.30502400146e-01 
    3.82818775500e-01    8.30502400146e-01 
   4.94000004283e+03    3.82792308299e-01    8.30199118878e-01 
    3.82792308299e-01    8.30199118878e-01 
   4.94100004283e+03    3.82765791131e-01    8.29896013415e-01 
    3.82765791131e-01    8.29896013415e-01 
   4.94200004283e+03    3.82739224058e-01    8.29593083647e-01 
    3.82739224058e-01    8.29593083647e-01 
   4.94300004283e+03    3.82712607142e-01    8.29290329465e-01 
    3.82712607142e-01    8.29290329465e-01 
   4.94400004283e+03    3.82685940447e-01    8.28987750756e-01 
    3.82685940447e-01    8.28987750756e-01 
   4.94500004283e+03    3.82659224035e-01    8.28685347411e-01 
    3.82659224035e-01    8.28685347411e-01 
   4.94600004283e+03    3.82632457970e-01    8.28383119318e-01 
    3.82632457970e-01    8.28383119318e-01 
   4.94700004283e+03    3.82605642314e-01    8.28081066367e-01 
    3.82605642314e-01    8.28081066367e-01 
   4.94800004283e+03    3.82578777129e-01    8.27779188448e-01 
    3.82578777129e-01    8.27779188448e-01 
   4.94900004283e+03    3.82551862480e-01    8.27477485450e-01 
    3.82551862480e-01    8.27477485450e-01 
   4.95000004283e+03    3.82524898427e-01    8.27175957262e-01 
    3.82524898427e-01    8.27175957262e-01 
   4.95100004283e+03    3.82497885035e-01    8.26874603773e-01 
    3.82497885035e-01    8.26874603773e-01 
   4.95200004283e+03    3.82470822367e-01    8.26573424874e-01 
    3.82470822367e-01    8.26573424874e-01 
   4.95300004283e+03    3.82443710484e-01    8.26272420452e-01 
    3.82443710484e-01    8.26272420452e-01 
   4.95400004283e+03    3.82416549450e-01    8.25971590398e-01 
    3.82416549450e-01    8.25971590398e-01 
   4.95500004283e+03    3.82389339327e-01    8.25670934601e-01 
    3.82389339327e-01    8.25670934601e-01 
   4.95600004283e+03    3.82362080179e-01    8.25370452951e-01 
    3.82362080179e-01    8.25370452951e-01 
   4.95700004283e+03    3.82334772069e-01    8.25070145336e-01 
    3.82334772069e-01    8.25070145336e-01 
   4.95800004283e+03    3.82307415058e-01    8.24770011646e-01 
    3.82307415058e-01    8.24770011646e-01 
   4.95900004283e+03    3.82280009210e-01    8.24470051770e-01 
    3.82280009210e-01    8.24470051770e-01 
   4.96000004283e+03    3.82252554588e-01    8.24170265598e-01 
    3.82252554588e-01    8.24170265598e-01 
   4.96100004283e+03    3.82225051254e-01    8.23870653019e-01 
    3.82225051254e-01    8.23870653019e-01 
   4.96200004283e+03    3.82197499272e-01    8.23571213923e-01 
    3.82197499272e-01    8.23571213923e-01 
   4.96300004283e+03    3.82169898704e-01    8.23271948199e-01 
    3.82169898704e-01    8.23271948199e-01 
   4.96400004283e+03    3.82142249612e-01    8.22972855735e-01 
    3.82142249612e-01    8.22972855735e-01 
   4.96500004283e+03    3.82114552061e-01    8.22673936422e-01 
    3.82114552061e-01    8.22673936422e-01 
   4.96600004283e+03    3.82086806112e-01    8.22375190149e-01 
    3.82086806112e-01    8.22375190149e-01 
   4.96700004283e+03    3.82059011829e-01    8.22076616805e-01 
    3.82059011829e-01    8.22076616805e-01 
   4.96800004283e+03    3.82031169274e-01    8.21778216280e-01 
    3.82031169274e-01    8.21778216280e-01 
   4.96900004283e+03    3.82003278509e-01    8.21479988463e-01 
    3.82003278509e-01    8.21479988463e-01 
   4.97000004283e+03    3.81975339599e-01    8.21181933243e-01 
    3.81975339599e-01    8.21181933243e-01 
   4.97100004283e+03    3.81947352606e-01    8.20884050509e-01 
    3.81947352606e-01    8.20884050509e-01 
   4.97200004283e+03    3.81919317592e-01    8.20586340152e-01 
    3.81919317592e-01    8.20586340152e-01 
   4.97300004283e+03    3.81891234620e-01    8.20288802060e-01 
    3.81891234620e-01    8.20288802060e-01 
   4.97400004283e+03    3.81863103753e-01    8.19991436122e-01 
    3.81863103753e-01    8.19991436122e-01 
   4.97500004283e+03    3.81834925055e-01    8.19694242229e-01 
    3.81834925055e-01    8.19694242229e-01 
   4.97600004283e+03    3.81806698587e-01    8.19397220269e-01 
    3.81806698587e-01    8.19397220269e-01 
   4.97700004283e+03    3.81778424413e-01    8.19100370132e-01 
    3.81778424413e-01    8.19100370132e-01 
   4.97800004283e+03    3.81750102595e-01    8.18803691707e-01 
    3.81750102595e-01    8.18803691707e-01 
   4.97900004283e+03    3.81721733196e-01    8.18507184884e-01 
    3.81721733196e-01    8.18507184884e-01 
   4.98000004283e+03    3.81693316280e-01    8.18210849551e-01 
    3.81693316280e-01    8.18210849551e-01 
   4.98100004283e+03    3.81664851908e-01    8.17914685598e-01 
    3.81664851908e-01    8.17914685598e-01 
   4.98200004283e+03    3.81636340144e-01    8.17618692915e-01 
    3.81636340144e-01    8.17618692915e-01 
   4.98300004283e+03    3.81607781050e-01    8.17322871391e-01 
    3.81607781050e-01    8.17322871391e-01 
   4.98400004283e+03    3.81579174690e-01    8.17027220916e-01 
    3.81579174690e-01    8.17027220916e-01 
   4.98500004283e+03    3.81550521126e-01    8.16731741378e-01 
    3.81550521126e-01    8.16731741378e-01 
   4.98600004283e+03    3.81521820421e-01    8.16436432666e-01 
    3.81521820421e-01    8.16436432666e-01 
   4.98700004283e+03    3.81493072638e-01    8.16141294672e-01 
    3.81493072638e-01    8.16141294672e-01 
   4.98800004283e+03    3.81464277839e-01    8.15846327282e-01 
    3.81464277839e-01    8.15846327282e-01 
   4.98900004283e+03    3.81435436088e-01    8.15551530388e-01 
    3.81435436088e-01    8.15551530388e-01 
   4.99000004283e+03    3.81406547447e-01    8.15256903879e-01 
    3.81406547447e-01    8.15256903879e-01 
   4.99100004283e+03    3.81377611979e-01    8.14962447643e-01 
    3.81377611979e-01    8.14962447643e-01 
   4.99200004283e+03    3.81348629747e-01    8.14668161570e-01 
    3.81348629747e-01    8.14668161570e-01 
   4.99300004283e+03    3.81319600813e-01    8.14374045550e-01 
    3.81319600813e-01    8.14374045550e-01 
   4.99400004283e+03    3.81290525241e-01    8.14080099471e-01 
    3.81290525241e-01    8.14080099471e-01 
   4.99500004283e+03    3.81261403094e-01    8.13786323224e-01 
    3.81261403094e-01    8.13786323224e-01 
   4.99600004283e+03    3.81232234433e-01    8.13492716697e-01 
    3.81232234433e-01    8.13492716697e-01 
   4.99700004283e+03    3.81203019323e-01    8.13199279780e-01 
    3.81203019323e-01    8.13199279780e-01 
   4.99800004283e+03    3.81173757825e-01    8.12906012362e-01 
    3.81173757825e-01    8.12906012362e-01 
   4.99900004283e+03    3.81144450003e-01    8.12612914333e-01 
    3.81144450003e-01    8.12612914333e-01 
   5.00000004283e+03    3.81115095919e-01    8.12319985582e-01 
    3.81115095919e-01    8.12319985582e-01 
   5.00100004283e+03    3.81085695637e-01    8.12027225998e-01 
    3.81085695637e-01    8.12027225998e-01 
   5.00200004283e+03    3.81056249218e-01    8.11734635471e-01 
    3.81056249218e-01    8.11734635471e-01 
   5.00300004283e+03    3.81026756727e-01    8.11442213890e-01 
    3.81026756727e-01    8.11442213890e-01 
   5.00400004283e+03    3.80997218225e-01    8.11149961144e-01 
    3.80997218225e-01    8.11149961144e-01 
   5.00500004283e+03    3.80967633775e-01    8.10857877123e-01 
    3.80967633775e-01    8.10857877123e-01 
   5.00600004283e+03    3.80938003441e-01    8.10565961716e-01 
    3.80938003441e-01    8.10565961716e-01 
   5.00700004283e+03    3.80908327285e-01    8.10274214812e-01 
    3.80908327285e-01    8.10274214812e-01 
   5.00800004283e+03    3.80878605370e-01    8.09982636302e-01 
    3.80878605370e-01    8.09982636302e-01 
   5.00900004283e+03    3.80848837759e-01    8.09691226073e-01 
    3.80848837759e-01    8.09691226073e-01 
   5.01000004283e+03    3.80819024515e-01    8.09399984016e-01 
    3.80819024515e-01    8.09399984016e-01 
   5.01100004283e+03    3.80789165699e-01    8.09108910020e-01 
    3.80789165699e-01    8.09108910020e-01 
   5.01200004283e+03    3.80759261377e-01    8.08818003974e-01 
    3.80759261377e-01    8.08818003974e-01 
   5.01300004283e+03    3.80729311609e-01    8.08527265768e-01 
    3.80729311609e-01    8.08527265768e-01 
   5.01400004283e+03    3.80699316459e-01    8.08236695290e-01 
    3.80699316459e-01    8.08236695290e-01 
   5.01500004283e+03    3.80669275989e-01    8.07946292431e-01 
    3.80669275989e-01    8.07946292431e-01 
   5.01600004283e+03    3.80639190263e-01    8.07656057080e-01 
    3.80639190263e-01    8.07656057080e-01 
   5.01700004283e+03    3.80609059344e-01    8.07365989125e-01 
    3.80609059344e-01    8.07365989125e-01 
   5.01800004283e+03    3.80578883293e-01    8.07076088457e-01 
    3.80578883293e-01    8.07076088457e-01 
   5.01900004283e+03    3.80548662175e-01    8.06786354965e-01 
    3.80548662175e-01    8.06786354965e-01 
   5.02000004283e+03    3.80518396051e-01    8.06496788538e-01 
    3.80518396051e-01    8.06496788538e-01 
   5.02100004283e+03    3.80488084985e-01    8.06207389065e-01 
    3.80488084985e-01    8.06207389065e-01 
   5.02200004283e+03    3.80457729040e-01    8.05918156436e-01 
    3.80457729040e-01    8.05918156436e-01 
   5.02300004283e+03    3.80427328277e-01    8.05629090540e-01 
    3.80427328277e-01    8.05629090540e-01 
   5.02400004283e+03    3.80396882761e-01    8.05340191266e-01 
    3.80396882761e-01    8.05340191266e-01 
   5.02500004283e+03    3.80366392553e-01    8.05051458504e-01 
    3.80366392553e-01    8.05051458504e-01 
   5.02600004283e+03    3.80335857717e-01    8.04762892144e-01 
    3.80335857717e-01    8.04762892144e-01 
   5.02700004283e+03    3.80305278316e-01    8.04474492074e-01 
    3.80305278316e-01    8.04474492074e-01 
   5.02800004283e+03    3.80274654412e-01    8.04186258184e-01 
    3.80274654412e-01    8.04186258184e-01 
   5.02900004283e+03    3.80243986068e-01    8.03898190364e-01 
    3.80243986068e-01    8.03898190364e-01 
   5.03000004283e+03    3.80213273347e-01    8.03610288502e-01 
    3.80213273347e-01    8.03610288502e-01 
   5.03100004283e+03    3.80182516312e-01    8.03322552488e-01 
    3.80182516312e-01    8.03322552488e-01 
   5.03200004283e+03    3.80151715026e-01    8.03034982211e-01 
    3.80151715026e-01    8.03034982211e-01 
   5.03300004283e+03    3.80120869550e-01    8.02747577561e-01 
    3.80120869550e-01    8.02747577561e-01 
   5.03400004283e+03    3.80089979950e-01    8.02460338427e-01 
    3.80089979950e-01    8.02460338427e-01 
   5.03500004283e+03    3.80059046286e-01    8.02173264698e-01 
    3.80059046286e-01    8.02173264698e-01 
   5.03600004283e+03    3.80028068622e-01    8.01886356265e-01 
    3.80028068622e-01    8.01886356265e-01 
   5.03700004283e+03    3.79997047020e-01    8.01599613015e-01 
    3.79997047020e-01    8.01599613015e-01 
   5.03800004283e+03    3.79965981544e-01    8.01313034839e-01 
    3.79965981544e-01    8.01313034839e-01 
   5.03900004283e+03    3.79934872257e-01    8.01026621625e-01 
    3.79934872257e-01    8.01026621625e-01 
   5.04000004283e+03    3.79903719221e-01    8.00740373264e-01 
    3.79903719221e-01    8.00740373264e-01 
   5.04100004283e+03    3.79872522498e-01    8.00454289645e-01 
    3.79872522498e-01    8.00454289645e-01 
   5.04200004283e+03    3.79841282153e-01    8.00168370656e-01 
    3.79841282153e-01    8.00168370656e-01 
   5.04300004283e+03    3.79809998247e-01    7.99882616187e-01 
    3.79809998247e-01    7.99882616187e-01 
   5.04400004283e+03    3.79778670843e-01    7.99597026128e-01 
    3.79778670843e-01    7.99597026128e-01 
   5.04500004283e+03    3.79747300004e-01    7.99311600369e-01 
    3.79747300004e-01    7.99311600369e-01 
   5.04600004283e+03    3.79715885794e-01    7.99026338797e-01 
    3.79715885794e-01    7.99026338797e-01 
   5.04700004283e+03    3.79684428275e-01    7.98741241303e-01 
    3.79684428275e-01    7.98741241303e-01 
   5.04800004283e+03    3.79652927509e-01    7.98456307776e-01 
    3.79652927509e-01    7.98456307776e-01 
   5.04900004283e+03    3.79621383559e-01    7.98171538106e-01 
    3.79621383559e-01    7.98171538106e-01 
   5.05000004283e+03    3.79589796489e-01    7.97886932181e-01 
    3.79589796489e-01    7.97886932181e-01 
   5.05100004283e+03    3.79558166361e-01    7.97602489891e-01 
    3.79558166361e-01    7.97602489891e-01 
   5.05200004283e+03    3.79526493239e-01    7.97318211126e-01 
    3.79526493239e-01    7.97318211126e-01 
   5.05300004283e+03    3.79494777183e-01    7.97034095775e-01 
    3.79494777183e-01    7.97034095775e-01 
   5.05400004283e+03    3.79463018259e-01    7.96750143727e-01 
    3.79463018259e-01    7.96750143727e-01 
   5.05500004283e+03    3.79431216528e-01    7.96466354871e-01 
    3.79431216528e-01    7.96466354871e-01 
   5.05600004283e+03    3.79399372053e-01    7.96182729097e-01 
    3.79399372053e-01    7.96182729097e-01 
   5.05700004283e+03    3.79367484897e-01    7.95899266295e-01 
    3.79367484897e-01    7.95899266295e-01 
   5.05800004283e+03    3.79335555123e-01    7.95615966353e-01 
    3.79335555123e-01    7.95615966353e-01 
   5.05900004283e+03    3.79303582793e-01    7.95332829161e-01 
    3.79303582793e-01    7.95332829161e-01 
   5.06000004283e+03    3.79271567972e-01    7.95049854608e-01 
    3.79271567972e-01    7.95049854608e-01 
   5.06100004283e+03    3.79239510720e-01    7.94767042584e-01 
    3.79239510720e-01    7.94767042584e-01 
   5.06200004283e+03    3.79207411102e-01    7.94484392978e-01 
    3.79207411102e-01    7.94484392978e-01 
   5.06300004283e+03    3.79175269179e-01    7.94201905679e-01 
    3.79175269179e-01    7.94201905679e-01 
   5.06400004283e+03    3.79143085016e-01    7.93919580577e-01 
    3.79143085016e-01    7.93919580577e-01 
   5.06500004283e+03    3.79110858673e-01    7.93637417561e-01 
    3.79110858673e-01    7.93637417561e-01 
   5.06600004283e+03    3.79078590216e-01    7.93355416521e-01 
    3.79078590216e-01    7.93355416521e-01 
   5.06700004283e+03    3.79046279705e-01    7.93073577345e-01 
    3.79046279705e-01    7.93073577345e-01 
   5.06800004283e+03    3.79013927205e-01    7.92791899924e-01 
    3.79013927205e-01    7.92791899924e-01 
   5.06900004283e+03    3.78981532777e-01    7.92510384146e-01 
    3.78981532777e-01    7.92510384146e-01 
   5.07000004283e+03    3.78949096485e-01    7.92229029901e-01 
    3.78949096485e-01    7.92229029901e-01 
   5.07100004283e+03    3.78916618392e-01    7.91947837078e-01 
    3.78916618392e-01    7.91947837078e-01 
   5.07200004283e+03    3.78884098560e-01    7.91666805567e-01 
    3.78884098560e-01    7.91666805567e-01 
   5.07300004283e+03    3.78851537052e-01    7.91385935256e-01 
    3.78851537052e-01    7.91385935256e-01 
   5.07400004283e+03    3.78818933931e-01    7.91105226036e-01 
    3.78818933931e-01    7.91105226036e-01 
   5.07500004283e+03    3.78786289260e-01    7.90824677796e-01 
    3.78786289260e-01    7.90824677796e-01 
   5.07600004283e+03    3.78753603101e-01    7.90544290424e-01 
    3.78753603101e-01    7.90544290424e-01 
   5.07700004283e+03    3.78720875518e-01    7.90264063811e-01 
    3.78720875518e-01    7.90264063811e-01 
   5.07800004283e+03    3.78688106573e-01    7.89983997846e-01 
    3.78688106573e-01    7.89983997846e-01 
   5.07900004283e+03    3.78655296329e-01    7.89704092417e-01 
    3.78655296329e-01    7.89704092417e-01 
   5.08000004283e+03    3.78622444849e-01    7.89424347415e-01 
    3.78622444849e-01    7.89424347415e-01 
   5.08100004283e+03    3.78589552195e-01    7.89144762729e-01 
    3.78589552195e-01    7.89144762729e-01 
   5.08200004283e+03    3.78556618432e-01    7.88865338248e-01 
    3.78556618432e-01    7.88865338248e-01 
   5.08300004283e+03    3.78523643620e-01    7.88586073862e-01 
    3.78523643620e-01    7.88586073862e-01 
   5.08400004283e+03    3.78490627823e-01    7.88306969459e-01 
    3.78490627823e-01    7.88306969459e-01 
   5.08500004283e+03    3.78457571105e-01    7.88028024929e-01 
    3.78457571105e-01    7.88028024929e-01 
   5.08600004283e+03    3.78424473527e-01    7.87749240162e-01 
    3.78424473527e-01    7.87749240162e-01 
   5.08700004283e+03    3.78391335153e-01    7.87470615047e-01 
    3.78391335153e-01    7.87470615047e-01 
   5.08800004283e+03    3.78358156045e-01    7.87192149474e-01 
    3.78358156045e-01    7.87192149474e-01 
   5.08900004283e+03    3.78324936267e-01    7.86913843331e-01 
    3.78324936267e-01    7.86913843331e-01 
   5.09000004283e+03    3.78291675880e-01    7.86635696507e-01 
    3.78291675880e-01    7.86635696507e-01 
   5.09100004283e+03    3.78258374948e-01    7.86357708893e-01 
    3.78258374948e-01    7.86357708893e-01 
   5.09200004283e+03    3.78225033534e-01    7.86079880378e-01 
    3.78225033534e-01    7.86079880378e-01 
   5.09300004283e+03    3.78191651701e-01    7.85802210851e-01 
    3.78191651701e-01    7.85802210851e-01 
   5.09400004283e+03    3.78158229511e-01    7.85524700202e-01 
    3.78158229511e-01    7.85524700202e-01 
   5.09500004283e+03    3.78124767027e-01    7.85247348319e-01 
    3.78124767027e-01    7.85247348319e-01 
   5.09600004283e+03    3.78091264312e-01    7.84970155092e-01 
    3.78091264312e-01    7.84970155092e-01 
   5.09700004283e+03    3.78057721428e-01    7.84693120410e-01 
    3.78057721428e-01    7.84693120410e-01 
   5.09800004283e+03    3.78024138440e-01    7.84416244164e-01 
    3.78024138440e-01    7.84416244164e-01 
   5.09900004283e+03    3.77990515408e-01    7.84139526241e-01 
    3.77990515408e-01    7.84139526241e-01 
   5.10000004283e+03    3.77956852397e-01    7.83862966533e-01 
    3.77956852397e-01    7.83862966533e-01 
