   8.86852875327e+08    1.03888479681e+09    5.06773071616e+04    1.07250000000e+01 
3001 
2.275304e-05 
2.275058e-05 
2.274813e-05 
2.274567e-05 
2.274321e-05 
2.274075e-05 
2.273830e-05 
2.273584e-05 
2.273338e-05 
2.273093e-05 
2.272847e-05 
2.272602e-05 
2.272356e-05 
2.272111e-05 
2.271865e-05 
2.271620e-05 
2.271375e-05 
2.271129e-05 
2.270884e-05 
2.270639e-05 
2.270394e-05 
2.270148e-05 
2.269903e-05 
2.269658e-05 
2.269413e-05 
2.269168e-05 
2.268923e-05 
2.268678e-05 
2.268433e-05 
2.268188e-05 
2.267943e-05 
2.267699e-05 
2.267454e-05 
2.267209e-05 
2.266964e-05 
2.266720e-05 
2.266475e-05 
2.266230e-05 
2.265986e-05 
2.265741e-05 
2.265497e-05 
2.265252e-05 
2.265008e-05 
2.264764e-05 
2.264519e-05 
2.264275e-05 
2.264031e-05 
2.263786e-05 
2.263542e-05 
2.263298e-05 
2.263054e-05 
2.262810e-05 
2.262566e-05 
2.262322e-05 
2.262078e-05 
2.261834e-05 
2.261590e-05 
2.261346e-05 
2.261102e-05 
2.260858e-05 
2.260614e-05 
2.260371e-05 
2.260127e-05 
2.259883e-05 
2.259640e-05 
2.259396e-05 
2.259152e-05 
2.258909e-05 
2.258665e-05 
2.258422e-05 
2.258178e-05 
2.257935e-05 
2.257692e-05 
2.257448e-05 
2.257205e-05 
2.256962e-05 
2.256719e-05 
2.256475e-05 
2.256232e-05 
2.255989e-05 
2.255746e-05 
2.255503e-05 
2.255260e-05 
2.255017e-05 
2.254774e-05 
2.254531e-05 
2.254288e-05 
2.254045e-05 
2.253803e-05 
2.253560e-05 
2.253317e-05 
2.253074e-05 
2.252832e-05 
2.252589e-05 
2.252346e-05 
2.252104e-05 
2.251861e-05 
2.251619e-05 
2.251376e-05 
2.251134e-05 
2.250892e-05 
2.250649e-05 
2.250407e-05 
2.250165e-05 
2.249922e-05 
2.249680e-05 
2.249438e-05 
2.249196e-05 
2.248954e-05 
2.248712e-05 
2.248470e-05 
2.248228e-05 
2.247986e-05 
2.247744e-05 
2.247502e-05 
2.247260e-05 
2.247018e-05 
2.246776e-05 
2.246535e-05 
2.246293e-05 
2.246051e-05 
2.245810e-05 
2.245568e-05 
2.245326e-05 
2.245085e-05 
2.244843e-05 
2.244602e-05 
2.244360e-05 
2.244119e-05 
2.243878e-05 
2.243636e-05 
2.243395e-05 
2.243154e-05 
2.242912e-05 
2.242671e-05 
2.242430e-05 
2.242189e-05 
2.241948e-05 
2.241707e-05 
2.241466e-05 
2.241225e-05 
2.240984e-05 
2.240743e-05 
2.240502e-05 
2.240261e-05 
2.240020e-05 
2.239780e-05 
2.239539e-05 
2.239298e-05 
2.239057e-05 
2.238817e-05 
2.238576e-05 
2.238336e-05 
2.238095e-05 
2.237855e-05 
2.237614e-05 
2.237374e-05 
2.237133e-05 
2.236893e-05 
2.236653e-05 
2.236412e-05 
2.236172e-05 
2.235932e-05 
2.235692e-05 
2.235451e-05 
2.235211e-05 
2.234971e-05 
2.234731e-05 
2.234491e-05 
2.234251e-05 
2.234011e-05 
2.233771e-05 
2.233531e-05 
2.233292e-05 
2.233052e-05 
2.232812e-05 
2.232572e-05 
2.232332e-05 
2.232093e-05 
2.231853e-05 
2.231614e-05 
2.231374e-05 
2.231134e-05 
2.230895e-05 
2.230655e-05 
2.230416e-05 
2.230177e-05 
2.229937e-05 
2.229698e-05 
2.229459e-05 
2.229219e-05 
2.228980e-05 
2.228741e-05 
2.228502e-05 
2.228263e-05 
2.228024e-05 
2.227785e-05 
2.227546e-05 
2.227307e-05 
2.227068e-05 
2.226829e-05 
2.226590e-05 
2.226351e-05 
2.226112e-05 
2.225873e-05 
2.225635e-05 
2.225396e-05 
2.225157e-05 
2.224919e-05 
2.224680e-05 
2.224441e-05 
2.224203e-05 
2.223964e-05 
2.223726e-05 
2.223488e-05 
2.223249e-05 
2.223011e-05 
2.222772e-05 
2.222534e-05 
2.222296e-05 
2.222058e-05 
2.221819e-05 
2.221581e-05 
2.221343e-05 
2.221105e-05 
2.220867e-05 
2.220629e-05 
2.220391e-05 
2.220153e-05 
2.219915e-05 
2.219677e-05 
2.219439e-05 
2.219202e-05 
2.218964e-05 
2.218726e-05 
2.218488e-05 
2.218251e-05 
2.218013e-05 
2.217775e-05 
2.217538e-05 
2.217300e-05 
2.217063e-05 
2.216825e-05 
2.216588e-05 
2.216351e-05 
2.216113e-05 
2.215876e-05 
2.215639e-05 
2.215401e-05 
2.215164e-05 
2.214927e-05 
2.214690e-05 
2.214453e-05 
2.214215e-05 
2.213978e-05 
2.213741e-05 
2.213504e-05 
2.213267e-05 
2.213031e-05 
2.212794e-05 
2.212557e-05 
2.212320e-05 
2.212083e-05 
2.211846e-05 
2.211610e-05 
2.211373e-05 
2.211136e-05 
2.210900e-05 
2.210663e-05 
2.210427e-05 
2.210190e-05 
2.209954e-05 
2.209717e-05 
2.209481e-05 
2.209244e-05 
2.209008e-05 
2.208772e-05 
2.208535e-05 
2.208299e-05 
2.208063e-05 
2.207827e-05 
2.207591e-05 
2.207355e-05 
2.207119e-05 
2.206882e-05 
2.206646e-05 
2.206411e-05 
2.206175e-05 
2.205939e-05 
2.205703e-05 
2.205467e-05 
2.205231e-05 
2.204995e-05 
2.204760e-05 
2.204524e-05 
2.204288e-05 
2.204053e-05 
2.203817e-05 
2.203582e-05 
2.203346e-05 
2.203111e-05 
2.202875e-05 
2.202640e-05 
2.202404e-05 
2.202169e-05 
2.201934e-05 
2.201698e-05 
2.201463e-05 
2.201228e-05 
2.200993e-05 
2.200758e-05 
2.200522e-05 
2.200287e-05 
2.200052e-05 
2.199817e-05 
2.199582e-05 
2.199347e-05 
2.199112e-05 
2.198878e-05 
2.198643e-05 
2.198408e-05 
2.198173e-05 
2.197938e-05 
2.197704e-05 
2.197469e-05 
2.197234e-05 
2.197000e-05 
2.196765e-05 
2.196531e-05 
2.196296e-05 
2.196062e-05 
2.195827e-05 
2.195593e-05 
2.195358e-05 
2.195124e-05 
2.194890e-05 
2.194655e-05 
2.194421e-05 
2.194187e-05 
2.193953e-05 
2.193719e-05 
2.193485e-05 
2.193251e-05 
2.193017e-05 
2.192783e-05 
2.192549e-05 
2.192315e-05 
2.192081e-05 
2.191847e-05 
2.191613e-05 
2.191379e-05 
2.191145e-05 
2.190912e-05 
2.190678e-05 
2.190444e-05 
2.190211e-05 
2.189977e-05 
2.189744e-05 
2.189510e-05 
2.189277e-05 
2.189043e-05 
2.188810e-05 
2.188576e-05 
2.188343e-05 
2.188110e-05 
2.187876e-05 
2.187643e-05 
2.187410e-05 
2.187177e-05 
2.186943e-05 
2.186710e-05 
2.186477e-05 
2.186244e-05 
2.186011e-05 
2.185778e-05 
2.185545e-05 
2.185312e-05 
2.185079e-05 
2.184847e-05 
2.184614e-05 
2.184381e-05 
2.184148e-05 
2.183915e-05 
2.183683e-05 
2.183450e-05 
2.183217e-05 
2.182985e-05 
2.182752e-05 
2.182520e-05 
2.182287e-05 
2.182055e-05 
2.181822e-05 
2.181590e-05 
2.181358e-05 
2.181125e-05 
2.180893e-05 
2.180661e-05 
2.180429e-05 
2.180196e-05 
2.179964e-05 
2.179732e-05 
2.179500e-05 
2.179268e-05 
2.179036e-05 
2.178804e-05 
2.178572e-05 
2.178340e-05 
2.178108e-05 
2.177876e-05 
2.177645e-05 
2.177413e-05 
2.177181e-05 
2.176949e-05 
2.176718e-05 
2.176486e-05 
2.176254e-05 
2.176023e-05 
2.175791e-05 
2.175560e-05 
2.175328e-05 
2.175097e-05 
2.174865e-05 
2.174634e-05 
2.174403e-05 
2.174171e-05 
2.173940e-05 
2.173709e-05 
2.173478e-05 
2.173247e-05 
2.173015e-05 
2.172784e-05 
2.172553e-05 
2.172322e-05 
2.172091e-05 
2.171860e-05 
2.171629e-05 
2.171398e-05 
2.171167e-05 
2.170937e-05 
2.170706e-05 
2.170475e-05 
2.170244e-05 
2.170013e-05 
2.169783e-05 
2.169552e-05 
2.169322e-05 
2.169091e-05 
2.168860e-05 
2.168630e-05 
2.168399e-05 
2.168169e-05 
2.167939e-05 
2.167708e-05 
2.167478e-05 
2.167248e-05 
2.167017e-05 
2.166787e-05 
2.166557e-05 
2.166327e-05 
2.166096e-05 
2.165866e-05 
2.165636e-05 
2.165406e-05 
2.165176e-05 
2.164946e-05 
2.164716e-05 
2.164486e-05 
2.164256e-05 
2.164027e-05 
2.163797e-05 
2.163567e-05 
2.163337e-05 
2.163108e-05 
2.162878e-05 
2.162648e-05 
2.162419e-05 
2.162189e-05 
2.161959e-05 
2.161730e-05 
2.161500e-05 
2.161271e-05 
2.161042e-05 
2.160812e-05 
2.160583e-05 
2.160354e-05 
2.160124e-05 
2.159895e-05 
2.159666e-05 
2.159437e-05 
2.159207e-05 
2.158978e-05 
2.158749e-05 
2.158520e-05 
2.158291e-05 
2.158062e-05 
2.157833e-05 
2.157604e-05 
2.157375e-05 
2.157147e-05 
2.156918e-05 
2.156689e-05 
2.156460e-05 
2.156231e-05 
2.156003e-05 
2.155774e-05 
2.155545e-05 
2.155317e-05 
2.155088e-05 
2.154860e-05 
2.154631e-05 
2.154403e-05 
2.154174e-05 
2.153946e-05 
2.153718e-05 
2.153489e-05 
2.153261e-05 
2.153033e-05 
2.152805e-05 
2.152576e-05 
2.152348e-05 
2.152120e-05 
2.151892e-05 
2.151664e-05 
2.151436e-05 
2.151208e-05 
2.150980e-05 
2.150752e-05 
2.150524e-05 
2.150296e-05 
2.150068e-05 
2.149841e-05 
2.149613e-05 
2.149385e-05 
2.149157e-05 
2.148930e-05 
2.148702e-05 
2.148474e-05 
2.148247e-05 
2.148019e-05 
2.147792e-05 
2.147564e-05 
2.147337e-05 
2.147109e-05 
2.146882e-05 
2.146655e-05 
2.146427e-05 
2.146200e-05 
2.145973e-05 
2.145746e-05 
2.145519e-05 
2.145291e-05 
2.145064e-05 
2.144837e-05 
2.144610e-05 
2.144383e-05 
2.144156e-05 
2.143929e-05 
2.143702e-05 
2.143475e-05 
2.143249e-05 
2.143022e-05 
2.142795e-05 
2.142568e-05 
2.142342e-05 
2.142115e-05 
2.141888e-05 
2.141662e-05 
2.141435e-05 
2.141208e-05 
2.140982e-05 
2.140755e-05 
2.140529e-05 
2.140303e-05 
2.140076e-05 
2.139850e-05 
2.139623e-05 
2.139397e-05 
2.139171e-05 
2.138945e-05 
2.138718e-05 
2.138492e-05 
2.138266e-05 
2.138040e-05 
2.137814e-05 
2.137588e-05 
2.137362e-05 
2.137136e-05 
2.136910e-05 
2.136684e-05 
2.136458e-05 
2.136232e-05 
2.136007e-05 
2.135781e-05 
2.135555e-05 
2.135329e-05 
2.135104e-05 
2.134878e-05 
2.134653e-05 
2.134427e-05 
2.134201e-05 
2.133976e-05 
2.133750e-05 
2.133525e-05 
2.133300e-05 
2.133074e-05 
2.132849e-05 
2.132623e-05 
2.132398e-05 
2.132173e-05 
2.131948e-05 
2.131723e-05 
2.131497e-05 
2.131272e-05 
2.131047e-05 
2.130822e-05 
2.130597e-05 
2.130372e-05 
2.130147e-05 
2.129922e-05 
2.129697e-05 
2.129472e-05 
2.129248e-05 
2.129023e-05 
2.128798e-05 
2.128573e-05 
2.128349e-05 
2.128124e-05 
2.127899e-05 
2.127675e-05 
2.127450e-05 
2.127226e-05 
2.127001e-05 
2.126777e-05 
2.126552e-05 
2.126328e-05 
2.126103e-05 
2.125879e-05 
2.125655e-05 
2.125431e-05 
2.125206e-05 
2.124982e-05 
2.124758e-05 
2.124534e-05 
2.124310e-05 
2.124086e-05 
2.123862e-05 
2.123638e-05 
2.123414e-05 
2.123190e-05 
2.122966e-05 
2.122742e-05 
2.122518e-05 
2.122294e-05 
2.122070e-05 
2.121847e-05 
2.121623e-05 
2.121399e-05 
2.121175e-05 
2.120952e-05 
2.120728e-05 
2.120505e-05 
2.120281e-05 
2.120058e-05 
2.119834e-05 
2.119611e-05 
2.119387e-05 
2.119164e-05 
2.118941e-05 
2.118717e-05 
2.118494e-05 
2.118271e-05 
2.118048e-05 
2.117824e-05 
2.117601e-05 
2.117378e-05 
2.117155e-05 
2.116932e-05 
2.116709e-05 
2.116486e-05 
2.116263e-05 
2.116040e-05 
2.115817e-05 
2.115594e-05 
2.115372e-05 
2.115149e-05 
2.114926e-05 
2.114703e-05 
2.114481e-05 
2.114258e-05 
2.114035e-05 
2.113813e-05 
2.113590e-05 
2.113368e-05 
2.113145e-05 
2.112923e-05 
2.112700e-05 
2.112478e-05 
2.112255e-05 
2.112033e-05 
2.111811e-05 
2.111588e-05 
2.111366e-05 
2.111144e-05 
2.110922e-05 
2.110700e-05 
2.110478e-05 
2.110256e-05 
2.110033e-05 
2.109811e-05 
2.109589e-05 
2.109367e-05 
2.109146e-05 
2.108924e-05 
2.108702e-05 
2.108480e-05 
2.108258e-05 
2.108036e-05 
2.107815e-05 
2.107593e-05 
2.107371e-05 
2.107150e-05 
2.106928e-05 
2.106707e-05 
2.106485e-05 
2.106263e-05 
2.106042e-05 
2.105821e-05 
2.105599e-05 
2.105378e-05 
2.105156e-05 
2.104935e-05 
2.104714e-05 
2.104493e-05 
2.104271e-05 
2.104050e-05 
2.103829e-05 
2.103608e-05 
2.103387e-05 
2.103166e-05 
2.102945e-05 
2.102724e-05 
2.102503e-05 
2.102282e-05 
2.102061e-05 
2.101840e-05 
2.101619e-05 
2.101398e-05 
2.101178e-05 
2.100957e-05 
2.100736e-05 
2.100515e-05 
2.100295e-05 
2.100074e-05 
2.099854e-05 
2.099633e-05 
2.099413e-05 
2.099192e-05 
2.098972e-05 
2.098751e-05 
2.098531e-05 
2.098310e-05 
2.098090e-05 
2.097870e-05 
2.097650e-05 
2.097429e-05 
2.097209e-05 
2.096989e-05 
2.096769e-05 
2.096549e-05 
2.096329e-05 
2.096109e-05 
2.095889e-05 
2.095669e-05 
2.095449e-05 
2.095229e-05 
2.095009e-05 
2.094789e-05 
2.094569e-05 
2.094349e-05 
2.094130e-05 
2.093910e-05 
2.093690e-05 
2.093471e-05 
2.093251e-05 
2.093031e-05 
2.092812e-05 
2.092592e-05 
2.092373e-05 
2.092153e-05 
2.091934e-05 
2.091714e-05 
2.091495e-05 
2.091276e-05 
2.091056e-05 
2.090837e-05 
2.090618e-05 
2.090399e-05 
2.090180e-05 
2.089960e-05 
2.089741e-05 
2.089522e-05 
2.089303e-05 
2.089084e-05 
2.088865e-05 
2.088646e-05 
2.088427e-05 
2.088208e-05 
2.087989e-05 
2.087771e-05 
2.087552e-05 
2.087333e-05 
2.087114e-05 
2.086896e-05 
2.086677e-05 
2.086458e-05 
2.086240e-05 
2.086021e-05 
2.085803e-05 
2.085584e-05 
2.085366e-05 
2.085147e-05 
2.084929e-05 
2.084710e-05 
2.084492e-05 
2.084274e-05 
2.084055e-05 
2.083837e-05 
2.083619e-05 
2.083401e-05 
2.083182e-05 
2.082964e-05 
2.082746e-05 
2.082528e-05 
2.082310e-05 
2.082092e-05 
2.081874e-05 
2.081656e-05 
2.081438e-05 
2.081220e-05 
2.081002e-05 
2.080785e-05 
2.080567e-05 
2.080349e-05 
2.080131e-05 
2.079914e-05 
2.079696e-05 
2.079478e-05 
2.079261e-05 
2.079043e-05 
2.078826e-05 
2.078608e-05 
2.078391e-05 
2.078173e-05 
2.077956e-05 
2.077738e-05 
2.077521e-05 
2.077304e-05 
2.077087e-05 
2.076870e-05 
2.076653e-05 
2.076436e-05 
2.076219e-05 
2.076003e-05 
2.075786e-05 
2.075569e-05 
2.075352e-05 
2.075136e-05 
2.074919e-05 
2.074702e-05 
2.074486e-05 
2.074269e-05 
2.074053e-05 
2.073836e-05 
2.073620e-05 
2.073403e-05 
2.073187e-05 
2.072970e-05 
2.072754e-05 
2.072538e-05 
2.072321e-05 
2.072105e-05 
2.071889e-05 
2.071673e-05 
2.071456e-05 
2.071240e-05 
2.071024e-05 
2.070808e-05 
2.070592e-05 
2.070376e-05 
2.070160e-05 
2.069944e-05 
2.069728e-05 
2.069512e-05 
2.069296e-05 
2.069081e-05 
2.068865e-05 
2.068649e-05 
2.068433e-05 
2.068218e-05 
2.068002e-05 
2.067786e-05 
2.067571e-05 
2.067355e-05 
2.067140e-05 
2.066924e-05 
2.066709e-05 
2.066493e-05 
2.066278e-05 
2.066062e-05 
2.065847e-05 
2.065632e-05 
2.065416e-05 
2.065201e-05 
2.064986e-05 
2.064771e-05 
2.064555e-05 
2.064340e-05 
2.064125e-05 
2.063910e-05 
2.063695e-05 
2.063480e-05 
2.063265e-05 
2.063050e-05 
2.062835e-05 
2.062620e-05 
2.062405e-05 
2.062191e-05 
2.061976e-05 
2.061761e-05 
2.061546e-05 
2.061332e-05 
2.061117e-05 
2.060902e-05 
2.060688e-05 
2.060473e-05 
2.060258e-05 
2.060044e-05 
2.059829e-05 
2.059615e-05 
2.059401e-05 
2.059186e-05 
2.058972e-05 
2.058757e-05 
2.058543e-05 
2.058329e-05 
2.058115e-05 
2.057900e-05 
2.057686e-05 
2.057472e-05 
2.057258e-05 
2.057044e-05 
2.056830e-05 
2.056616e-05 
2.056402e-05 
2.056188e-05 
2.055974e-05 
2.055760e-05 
2.055546e-05 
2.055332e-05 
2.055118e-05 
2.054905e-05 
2.054691e-05 
2.054477e-05 
2.054263e-05 
2.054050e-05 
2.053836e-05 
2.053623e-05 
2.053409e-05 
2.053195e-05 
2.052982e-05 
2.052768e-05 
2.052555e-05 
2.052342e-05 
2.052128e-05 
2.051915e-05 
2.051702e-05 
2.051488e-05 
2.051275e-05 
2.051062e-05 
2.050849e-05 
2.050635e-05 
2.050422e-05 
2.050209e-05 
2.049996e-05 
2.049783e-05 
2.049570e-05 
2.049357e-05 
2.049144e-05 
2.048931e-05 
2.048718e-05 
2.048505e-05 
2.048293e-05 
2.048080e-05 
2.047867e-05 
2.047654e-05 
2.047442e-05 
2.047229e-05 
2.047016e-05 
2.046804e-05 
2.046591e-05 
2.046379e-05 
2.046166e-05 
2.045954e-05 
2.045741e-05 
2.045529e-05 
2.045316e-05 
2.045104e-05 
2.044892e-05 
2.044679e-05 
2.044467e-05 
2.044255e-05 
2.044042e-05 
2.043830e-05 
2.043618e-05 
2.043406e-05 
2.043194e-05 
2.042982e-05 
2.042770e-05 
2.042558e-05 
2.042346e-05 
2.042134e-05 
2.041922e-05 
2.041710e-05 
2.041498e-05 
2.041286e-05 
2.041075e-05 
2.040863e-05 
2.040651e-05 
2.040439e-05 
2.040228e-05 
2.040016e-05 
2.039805e-05 
2.039593e-05 
2.039381e-05 
2.039170e-05 
2.038958e-05 
2.038747e-05 
2.038536e-05 
2.038324e-05 
2.038113e-05 
2.037901e-05 
2.037690e-05 
2.037479e-05 
2.037268e-05 
2.037056e-05 
2.036845e-05 
2.036634e-05 
2.036423e-05 
2.036212e-05 
2.036001e-05 
2.035790e-05 
2.035579e-05 
2.035368e-05 
2.035157e-05 
2.034946e-05 
2.034735e-05 
2.034524e-05 
2.034313e-05 
2.034103e-05 
2.033892e-05 
2.033681e-05 
2.033470e-05 
2.033260e-05 
2.033049e-05 
2.032839e-05 
2.032628e-05 
2.032417e-05 
2.032207e-05 
2.031996e-05 
2.031786e-05 
2.031576e-05 
2.031365e-05 
2.031155e-05 
2.030944e-05 
2.030734e-05 
2.030524e-05 
2.030314e-05 
2.030103e-05 
2.029893e-05 
2.029683e-05 
2.029473e-05 
2.029263e-05 
2.029053e-05 
2.028843e-05 
2.028633e-05 
2.028423e-05 
2.028213e-05 
2.028003e-05 
2.027793e-05 
2.027583e-05 
2.027373e-05 
2.027164e-05 
2.026954e-05 
2.026744e-05 
2.026534e-05 
2.026325e-05 
2.026115e-05 
2.025906e-05 
2.025696e-05 
2.025486e-05 
2.025277e-05 
2.025067e-05 
2.024858e-05 
2.024649e-05 
2.024439e-05 
2.024230e-05 
2.024020e-05 
2.023811e-05 
2.023602e-05 
2.023393e-05 
2.023183e-05 
2.022974e-05 
2.022765e-05 
2.022556e-05 
2.022347e-05 
2.022138e-05 
2.021929e-05 
2.021720e-05 
2.021511e-05 
2.021302e-05 
2.021093e-05 
2.020884e-05 
2.020675e-05 
2.020466e-05 
2.020258e-05 
2.020049e-05 
2.019840e-05 
2.019631e-05 
2.019423e-05 
2.019214e-05 
2.019005e-05 
2.018797e-05 
2.018588e-05 
2.018380e-05 
2.018171e-05 
2.017963e-05 
2.017754e-05 
2.017546e-05 
2.017338e-05 
2.017129e-05 
2.016921e-05 
2.016713e-05 
2.016504e-05 
2.016296e-05 
2.016088e-05 
2.015880e-05 
2.015672e-05 
2.015464e-05 
2.015255e-05 
2.015047e-05 
2.014839e-05 
2.014631e-05 
2.014423e-05 
2.014215e-05 
2.014008e-05 
2.013800e-05 
2.013592e-05 
2.013384e-05 
2.013176e-05 
2.012969e-05 
2.012761e-05 
2.012553e-05 
2.012345e-05 
2.012138e-05 
2.011930e-05 
2.011723e-05 
2.011515e-05 
2.011308e-05 
2.011100e-05 
2.010893e-05 
2.010685e-05 
2.010478e-05 
2.010271e-05 
2.010063e-05 
2.009856e-05 
2.009649e-05 
2.009441e-05 
2.009234e-05 
2.009027e-05 
2.008820e-05 
2.008613e-05 
2.008406e-05 
2.008199e-05 
2.007992e-05 
2.007785e-05 
2.007578e-05 
2.007371e-05 
2.007164e-05 
2.006957e-05 
2.006750e-05 
2.006543e-05 
2.006336e-05 
2.006130e-05 
2.005923e-05 
2.005716e-05 
2.005509e-05 
2.005303e-05 
2.005096e-05 
2.004890e-05 
2.004683e-05 
2.004476e-05 
2.004270e-05 
2.004064e-05 
2.003857e-05 
2.003651e-05 
2.003444e-05 
2.003238e-05 
2.003032e-05 
2.002825e-05 
2.002619e-05 
2.002413e-05 
2.002207e-05 
2.002000e-05 
2.001794e-05 
2.001588e-05 
2.001382e-05 
2.001176e-05 
2.000970e-05 
2.000764e-05 
2.000558e-05 
2.000352e-05 
2.000146e-05 
1.999940e-05 
1.999734e-05 
1.999529e-05 
1.999323e-05 
1.999117e-05 
1.998911e-05 
1.998706e-05 
1.998500e-05 
1.998294e-05 
1.998089e-05 
1.997883e-05 
1.997678e-05 
1.997472e-05 
1.997267e-05 
1.997061e-05 
1.996856e-05 
1.996650e-05 
1.996445e-05 
1.996240e-05 
1.996034e-05 
1.995829e-05 
1.995624e-05 
1.995418e-05 
1.995213e-05 
1.995008e-05 
1.994803e-05 
1.994598e-05 
1.994393e-05 
1.994188e-05 
1.993983e-05 
1.993778e-05 
1.993573e-05 
1.993368e-05 
1.993163e-05 
1.992958e-05 
1.992753e-05 
1.992548e-05 
1.992344e-05 
1.992139e-05 
1.991934e-05 
1.991729e-05 
1.991525e-05 
1.991320e-05 
1.991115e-05 
1.990911e-05 
1.990706e-05 
1.990502e-05 
1.990297e-05 
1.990093e-05 
1.989888e-05 
1.989684e-05 
1.989480e-05 
1.989275e-05 
1.989071e-05 
1.988867e-05 
1.988662e-05 
1.988458e-05 
1.988254e-05 
1.988050e-05 
1.987846e-05 
1.987641e-05 
1.987437e-05 
1.987233e-05 
1.987029e-05 
1.986825e-05 
1.986621e-05 
1.986417e-05 
1.986214e-05 
1.986010e-05 
1.985806e-05 
1.985602e-05 
1.985398e-05 
1.985194e-05 
1.984991e-05 
1.984787e-05 
1.984583e-05 
1.984380e-05 
1.984176e-05 
1.983972e-05 
1.983769e-05 
1.983565e-05 
1.983362e-05 
1.983158e-05 
1.982955e-05 
1.982751e-05 
1.982548e-05 
1.982345e-05 
1.982141e-05 
1.981938e-05 
1.981735e-05 
1.981532e-05 
1.981328e-05 
1.981125e-05 
1.980922e-05 
1.980719e-05 
1.980516e-05 
1.980313e-05 
1.980110e-05 
1.979907e-05 
1.979704e-05 
1.979501e-05 
1.979298e-05 
1.979095e-05 
1.978892e-05 
1.978689e-05 
1.978487e-05 
1.978284e-05 
1.978081e-05 
1.977878e-05 
1.977676e-05 
1.977473e-05 
1.977270e-05 
1.977068e-05 
1.976865e-05 
1.976663e-05 
1.976460e-05 
1.976258e-05 
1.976055e-05 
1.975853e-05 
1.975650e-05 
1.975448e-05 
1.975246e-05 
1.975043e-05 
1.974841e-05 
1.974639e-05 
1.974437e-05 
1.974234e-05 
1.974032e-05 
1.973830e-05 
1.973628e-05 
1.973426e-05 
1.973224e-05 
1.973022e-05 
1.972820e-05 
1.972618e-05 
1.972416e-05 
1.972214e-05 
1.972012e-05 
1.971810e-05 
1.971608e-05 
1.971407e-05 
1.971205e-05 
1.971003e-05 
1.970801e-05 
1.970600e-05 
1.970398e-05 
1.970197e-05 
1.969995e-05 
1.969793e-05 
1.969592e-05 
1.969390e-05 
1.969189e-05 
1.968987e-05 
1.968786e-05 
1.968585e-05 
1.968383e-05 
1.968182e-05 
1.967981e-05 
1.967779e-05 
1.967578e-05 
1.967377e-05 
1.967176e-05 
1.966975e-05 
1.966773e-05 
1.966572e-05 
1.966371e-05 
1.966170e-05 
1.965969e-05 
1.965768e-05 
1.965567e-05 
1.965366e-05 
1.965165e-05 
1.964965e-05 
1.964764e-05 
1.964563e-05 
1.964362e-05 
1.964161e-05 
1.963961e-05 
1.963760e-05 
1.963559e-05 
1.963359e-05 
1.963158e-05 
1.962957e-05 
1.962757e-05 
1.962556e-05 
1.962356e-05 
1.962155e-05 
1.961955e-05 
1.961755e-05 
1.961554e-05 
1.961354e-05 
1.961154e-05 
1.960953e-05 
1.960753e-05 
1.960553e-05 
1.960353e-05 
1.960152e-05 
1.959952e-05 
1.959752e-05 
1.959552e-05 
1.959352e-05 
1.959152e-05 
1.958952e-05 
1.958752e-05 
1.958552e-05 
1.958352e-05 
1.958152e-05 
1.957952e-05 
1.957752e-05 
1.957553e-05 
1.957353e-05 
1.957153e-05 
1.956953e-05 
1.956754e-05 
1.956554e-05 
1.956354e-05 
1.956155e-05 
1.955955e-05 
1.955756e-05 
1.955556e-05 
1.955357e-05 
1.955157e-05 
1.954958e-05 
1.954758e-05 
1.954559e-05 
1.954360e-05 
1.954160e-05 
1.953961e-05 
1.953762e-05 
1.953562e-05 
1.953363e-05 
1.953164e-05 
1.952965e-05 
1.952766e-05 
1.952567e-05 
1.952368e-05 
1.952169e-05 
1.951970e-05 
1.951771e-05 
1.951572e-05 
1.951373e-05 
1.951174e-05 
1.950975e-05 
1.950776e-05 
1.950577e-05 
1.950378e-05 
1.950180e-05 
1.949981e-05 
1.949782e-05 
1.949584e-05 
1.949385e-05 
1.949186e-05 
1.948988e-05 
1.948789e-05 
1.948591e-05 
1.948392e-05 
1.948194e-05 
1.947995e-05 
1.947797e-05 
1.947598e-05 
1.947400e-05 
1.947202e-05 
1.947003e-05 
1.946805e-05 
1.946607e-05 
1.946409e-05 
1.946211e-05 
1.946012e-05 
1.945814e-05 
1.945616e-05 
1.945418e-05 
1.945220e-05 
1.945022e-05 
1.944824e-05 
1.944626e-05 
1.944428e-05 
1.944230e-05 
1.944032e-05 
1.943834e-05 
1.943637e-05 
1.943439e-05 
1.943241e-05 
1.943043e-05 
1.942846e-05 
1.942648e-05 
1.942450e-05 
1.942253e-05 
1.942055e-05 
1.941858e-05 
1.941660e-05 
1.941462e-05 
1.941265e-05 
1.941068e-05 
1.940870e-05 
1.940673e-05 
1.940475e-05 
1.940278e-05 
1.940081e-05 
1.939883e-05 
1.939686e-05 
1.939489e-05 
1.939292e-05 
1.939095e-05 
1.938897e-05 
1.938700e-05 
1.938503e-05 
1.938306e-05 
1.938109e-05 
1.937912e-05 
1.937715e-05 
1.937518e-05 
1.937321e-05 
1.937124e-05 
1.936928e-05 
1.936731e-05 
1.936534e-05 
1.936337e-05 
1.936140e-05 
1.935944e-05 
1.935747e-05 
1.935550e-05 
1.935354e-05 
1.935157e-05 
1.934960e-05 
1.934764e-05 
1.934567e-05 
1.934371e-05 
1.934174e-05 
1.933978e-05 
1.933782e-05 
1.933585e-05 
1.933389e-05 
1.933192e-05 
1.932996e-05 
1.932800e-05 
1.932604e-05 
1.932407e-05 
1.932211e-05 
1.932015e-05 
1.931819e-05 
1.931623e-05 
1.931427e-05 
1.931231e-05 
1.931035e-05 
1.930839e-05 
1.930643e-05 
1.930447e-05 
1.930251e-05 
1.930055e-05 
1.929859e-05 
1.929663e-05 
1.929467e-05 
1.929272e-05 
1.929076e-05 
1.928880e-05 
1.928685e-05 
1.928489e-05 
1.928293e-05 
1.928098e-05 
1.927902e-05 
1.927707e-05 
1.927511e-05 
1.927316e-05 
1.927120e-05 
1.926925e-05 
1.926729e-05 
1.926534e-05 
1.926338e-05 
1.926143e-05 
1.925948e-05 
1.925753e-05 
1.925557e-05 
1.925362e-05 
1.925167e-05 
1.924972e-05 
1.924777e-05 
1.924582e-05 
1.924386e-05 
1.924191e-05 
1.923996e-05 
1.923801e-05 
1.923606e-05 
1.923412e-05 
1.923217e-05 
1.923022e-05 
1.922827e-05 
1.922632e-05 
1.922437e-05 
1.922242e-05 
1.922048e-05 
1.921853e-05 
1.921658e-05 
1.921464e-05 
1.921269e-05 
1.921074e-05 
1.920880e-05 
1.920685e-05 
1.920491e-05 
1.920296e-05 
1.920102e-05 
1.919907e-05 
1.919713e-05 
1.919519e-05 
1.919324e-05 
1.919130e-05 
1.918936e-05 
1.918741e-05 
1.918547e-05 
1.918353e-05 
1.918159e-05 
1.917965e-05 
1.917770e-05 
1.917576e-05 
1.917382e-05 
1.917188e-05 
1.916994e-05 
1.916800e-05 
1.916606e-05 
1.916412e-05 
1.916218e-05 
1.916024e-05 
1.915831e-05 
1.915637e-05 
1.915443e-05 
1.915249e-05 
1.915055e-05 
1.914862e-05 
1.914668e-05 
1.914474e-05 
1.914281e-05 
1.914087e-05 
1.913894e-05 
1.913700e-05 
1.913507e-05 
1.913313e-05 
1.913120e-05 
1.912926e-05 
1.912733e-05 
1.912539e-05 
1.912346e-05 
1.912153e-05 
1.911959e-05 
1.911766e-05 
1.911573e-05 
1.911380e-05 
1.911186e-05 
1.910993e-05 
1.910800e-05 
1.910607e-05 
1.910414e-05 
1.910221e-05 
1.910028e-05 
1.909835e-05 
1.909642e-05 
1.909449e-05 
1.909256e-05 
1.909063e-05 
1.908870e-05 
1.908677e-05 
1.908485e-05 
1.908292e-05 
1.908099e-05 
1.907906e-05 
1.907714e-05 
1.907521e-05 
1.907328e-05 
1.907136e-05 
1.906943e-05 
1.906750e-05 
1.906558e-05 
1.906365e-05 
1.906173e-05 
1.905981e-05 
1.905788e-05 
1.905596e-05 
1.905403e-05 
1.905211e-05 
1.905019e-05 
1.904826e-05 
1.904634e-05 
1.904442e-05 
1.904250e-05 
1.904057e-05 
1.903865e-05 
1.903673e-05 
1.903481e-05 
1.903289e-05 
1.903097e-05 
1.902905e-05 
1.902713e-05 
1.902521e-05 
1.902329e-05 
1.902137e-05 
1.901945e-05 
1.901753e-05 
1.901562e-05 
1.901370e-05 
1.901178e-05 
1.900986e-05 
1.900795e-05 
1.900603e-05 
1.900411e-05 
1.900220e-05 
1.900028e-05 
1.899836e-05 
1.899645e-05 
1.899453e-05 
1.899262e-05 
1.899070e-05 
1.898879e-05 
1.898688e-05 
1.898496e-05 
1.898305e-05 
1.898113e-05 
1.897922e-05 
1.897731e-05 
1.897540e-05 
1.897348e-05 
1.897157e-05 
1.896966e-05 
1.896775e-05 
1.896584e-05 
1.896393e-05 
1.896202e-05 
1.896011e-05 
1.895820e-05 
1.895629e-05 
1.895438e-05 
1.895247e-05 
1.895056e-05 
1.894865e-05 
1.894674e-05 
1.894484e-05 
1.894293e-05 
1.894102e-05 
1.893912e-05 
1.893721e-05 
1.893530e-05 
1.893340e-05 
1.893149e-05 
1.892959e-05 
1.892768e-05 
1.892578e-05 
1.892387e-05 
1.892197e-05 
1.892006e-05 
1.891816e-05 
1.891626e-05 
1.891435e-05 
1.891245e-05 
1.891055e-05 
1.890865e-05 
1.890674e-05 
1.890484e-05 
1.890294e-05 
1.890104e-05 
1.889914e-05 
1.889724e-05 
1.889534e-05 
1.889344e-05 
1.889154e-05 
1.888964e-05 
1.888774e-05 
1.888584e-05 
1.888394e-05 
1.888204e-05 
1.888014e-05 
1.887825e-05 
1.887635e-05 
1.887445e-05 
1.887255e-05 
1.887066e-05 
1.886876e-05 
1.886686e-05 
1.886497e-05 
1.886307e-05 
1.886118e-05 
1.885928e-05 
1.885739e-05 
1.885549e-05 
1.885360e-05 
1.885170e-05 
1.884981e-05 
1.884791e-05 
1.884602e-05 
1.884413e-05 
1.884223e-05 
1.884034e-05 
1.883845e-05 
1.883656e-05 
1.883467e-05 
1.883277e-05 
1.883088e-05 
1.882899e-05 
1.882710e-05 
1.882521e-05 
1.882332e-05 
1.882143e-05 
1.881954e-05 
1.881765e-05 
1.881576e-05 
1.881387e-05 
1.881198e-05 
1.881010e-05 
1.880821e-05 
1.880632e-05 
1.880443e-05 
1.880255e-05 
1.880066e-05 
1.879877e-05 
1.879689e-05 
1.879500e-05 
1.879311e-05 
1.879123e-05 
1.878934e-05 
1.878746e-05 
1.878557e-05 
1.878369e-05 
1.878180e-05 
1.877992e-05 
1.877804e-05 
1.877615e-05 
1.877427e-05 
1.877239e-05 
1.877050e-05 
1.876862e-05 
1.876674e-05 
1.876486e-05 
1.876297e-05 
1.876109e-05 
1.875921e-05 
1.875733e-05 
1.875545e-05 
1.875357e-05 
1.875169e-05 
1.874981e-05 
1.874793e-05 
1.874605e-05 
1.874417e-05 
1.874229e-05 
1.874042e-05 
1.873854e-05 
1.873666e-05 
1.873478e-05 
1.873290e-05 
1.873103e-05 
1.872915e-05 
1.872727e-05 
1.872540e-05 
1.872352e-05 
1.872165e-05 
1.871977e-05 
1.871789e-05 
1.871602e-05 
1.871414e-05 
1.871227e-05 
1.871040e-05 
1.870852e-05 
1.870665e-05 
1.870477e-05 
1.870290e-05 
1.870103e-05 
1.869916e-05 
1.869728e-05 
1.869541e-05 
1.869354e-05 
1.869167e-05 
1.868980e-05 
1.868793e-05 
1.868606e-05 
1.868418e-05 
1.868231e-05 
1.868044e-05 
1.867857e-05 
1.867671e-05 
1.867484e-05 
1.867297e-05 
1.867110e-05 
1.866923e-05 
1.866736e-05 
1.866549e-05 
1.866363e-05 
1.866176e-05 
1.865989e-05 
1.865803e-05 
1.865616e-05 
1.865429e-05 
1.865243e-05 
1.865056e-05 
1.864870e-05 
1.864683e-05 
1.864497e-05 
1.864310e-05 
1.864124e-05 
1.863937e-05 
1.863751e-05 
1.863564e-05 
1.863378e-05 
1.863192e-05 
1.863006e-05 
1.862819e-05 
1.862633e-05 
1.862447e-05 
1.862261e-05 
1.862075e-05 
1.861888e-05 
1.861702e-05 
1.861516e-05 
1.861330e-05 
1.861144e-05 
1.860958e-05 
1.860772e-05 
1.860586e-05 
1.860400e-05 
1.860214e-05 
1.860029e-05 
1.859843e-05 
1.859657e-05 
1.859471e-05 
1.859285e-05 
1.859100e-05 
1.858914e-05 
1.858728e-05 
1.858543e-05 
1.858357e-05 
1.858171e-05 
1.857986e-05 
1.857800e-05 
1.857615e-05 
1.857429e-05 
1.857244e-05 
1.857058e-05 
1.856873e-05 
1.856688e-05 
1.856502e-05 
1.856317e-05 
1.856132e-05 
1.855946e-05 
1.855761e-05 
1.855576e-05 
1.855391e-05 
1.855205e-05 
1.855020e-05 
1.854835e-05 
1.854650e-05 
1.854465e-05 
1.854280e-05 
1.854095e-05 
1.853910e-05 
1.853725e-05 
1.853540e-05 
1.853355e-05 
1.853170e-05 
1.852985e-05 
1.852800e-05 
1.852616e-05 
1.852431e-05 
1.852246e-05 
1.852061e-05 
1.851877e-05 
1.851692e-05 
1.851507e-05 
1.851323e-05 
1.851138e-05 
1.850953e-05 
1.850769e-05 
1.850584e-05 
1.850400e-05 
1.850215e-05 
1.850031e-05 
1.849847e-05 
1.849662e-05 
1.849478e-05 
1.849293e-05 
1.849109e-05 
1.848925e-05 
1.848741e-05 
1.848556e-05 
1.848372e-05 
1.848188e-05 
1.848004e-05 
1.847820e-05 
1.847636e-05 
1.847451e-05 
1.847267e-05 
1.847083e-05 
1.846899e-05 
1.846715e-05 
1.846531e-05 
1.846347e-05 
1.846164e-05 
1.845980e-05 
1.845796e-05 
1.845612e-05 
1.845428e-05 
1.845244e-05 
1.845061e-05 
1.844877e-05 
1.844693e-05 
1.844510e-05 
1.844326e-05 
1.844142e-05 
1.843959e-05 
1.843775e-05 
1.843592e-05 
1.843408e-05 
1.843225e-05 
1.843041e-05 
1.842858e-05 
1.842674e-05 
1.842491e-05 
1.842308e-05 
1.842124e-05 
1.841941e-05 
1.841758e-05 
1.841574e-05 
1.841391e-05 
1.841208e-05 
1.841025e-05 
1.840842e-05 
1.840659e-05 
1.840475e-05 
1.840292e-05 
1.840109e-05 
1.839926e-05 
1.839743e-05 
1.839560e-05 
1.839377e-05 
1.839195e-05 
1.839012e-05 
1.838829e-05 
1.838646e-05 
1.838463e-05 
1.838280e-05 
1.838098e-05 
1.837915e-05 
1.837732e-05 
1.837549e-05 
1.837367e-05 
1.837184e-05 
1.837002e-05 
1.836819e-05 
1.836636e-05 
1.836454e-05 
1.836271e-05 
1.836089e-05 
1.835906e-05 
1.835724e-05 
1.835542e-05 
1.835359e-05 
1.835177e-05 
1.834995e-05 
1.834812e-05 
1.834630e-05 
1.834448e-05 
1.834265e-05 
1.834083e-05 
1.833901e-05 
1.833719e-05 
1.833537e-05 
1.833355e-05 
1.833173e-05 
1.832991e-05 
1.832809e-05 
1.832627e-05 
1.832445e-05 
1.832263e-05 
1.832081e-05 
1.831899e-05 
1.831717e-05 
1.831535e-05 
1.831353e-05 
1.831172e-05 
1.830990e-05 
1.830808e-05 
1.830626e-05 
1.830445e-05 
1.830263e-05 
1.830081e-05 
1.829900e-05 
1.829718e-05 
1.829537e-05 
1.829355e-05 
1.829174e-05 
1.828992e-05 
1.828811e-05 
1.828629e-05 
1.828448e-05 
1.828267e-05 
1.828085e-05 
1.827904e-05 
1.827723e-05 
1.827541e-05 
1.827360e-05 
1.827179e-05 
1.826998e-05 
1.826816e-05 
1.826635e-05 
1.826454e-05 
1.826273e-05 
1.826092e-05 
1.825911e-05 
1.825730e-05 
1.825549e-05 
1.825368e-05 
1.825187e-05 
1.825006e-05 
1.824825e-05 
1.824644e-05 
1.824463e-05 
1.824283e-05 
1.824102e-05 
1.823921e-05 
1.823740e-05 
1.823560e-05 
1.823379e-05 
1.823198e-05 
1.823018e-05 
1.822837e-05 
1.822656e-05 
1.822476e-05 
1.822295e-05 
1.822115e-05 
1.821934e-05 
1.821754e-05 
1.821573e-05 
1.821393e-05 
1.821213e-05 
1.821032e-05 
1.820852e-05 
1.820672e-05 
1.820491e-05 
1.820311e-05 
1.820131e-05 
1.819951e-05 
1.819771e-05 
1.819590e-05 
1.819410e-05 
1.819230e-05 
1.819050e-05 
1.818870e-05 
1.818690e-05 
1.818510e-05 
1.818330e-05 
1.818150e-05 
1.817970e-05 
1.817790e-05 
1.817610e-05 
1.817430e-05 
1.817251e-05 
1.817071e-05 
1.816891e-05 
1.816711e-05 
1.816532e-05 
1.816352e-05 
1.816172e-05 
1.815993e-05 
1.815813e-05 
1.815633e-05 
1.815454e-05 
1.815274e-05 
1.815095e-05 
1.814915e-05 
1.814736e-05 
1.814556e-05 
1.814377e-05 
1.814197e-05 
1.814018e-05 
1.813839e-05 
1.813659e-05 
1.813480e-05 
1.813301e-05 
1.813122e-05 
1.812942e-05 
1.812763e-05 
1.812584e-05 
1.812405e-05 
1.812226e-05 
1.812047e-05 
1.811868e-05 
1.811689e-05 
1.811510e-05 
1.811331e-05 
1.811152e-05 
1.810973e-05 
1.810794e-05 
1.810615e-05 
1.810436e-05 
1.810257e-05 
1.810078e-05 
1.809899e-05 
1.809721e-05 
1.809542e-05 
1.809363e-05 
1.809185e-05 
1.809006e-05 
1.808827e-05 
1.808649e-05 
1.808470e-05 
1.808291e-05 
1.808113e-05 
1.807934e-05 
1.807756e-05 
1.807577e-05 
1.807399e-05 
1.807221e-05 
1.807042e-05 
1.806864e-05 
1.806685e-05 
1.806507e-05 
1.806329e-05 
1.806151e-05 
1.805972e-05 
1.805794e-05 
1.805616e-05 
1.805438e-05 
1.805260e-05 
1.805082e-05 
1.804903e-05 
1.804725e-05 
1.804547e-05 
1.804369e-05 
1.804191e-05 
1.804013e-05 
1.803835e-05 
1.803658e-05 
1.803480e-05 
1.803302e-05 
1.803124e-05 
1.802946e-05 
1.802768e-05 
1.802591e-05 
1.802413e-05 
1.802235e-05 
1.802057e-05 
1.801880e-05 
1.801702e-05 
1.801524e-05 
1.801347e-05 
1.801169e-05 
1.800992e-05 
1.800814e-05 
1.800637e-05 
1.800459e-05 
1.800282e-05 
1.800104e-05 
1.799927e-05 
1.799750e-05 
1.799572e-05 
1.799395e-05 
1.799218e-05 
1.799040e-05 
1.798863e-05 
1.798686e-05 
1.798509e-05 
1.798332e-05 
1.798154e-05 
1.797977e-05 
1.797800e-05 
1.797623e-05 
1.797446e-05 
1.797269e-05 
1.797092e-05 
1.796915e-05 
1.796738e-05 
1.796561e-05 
1.796384e-05 
1.796208e-05 
1.796031e-05 
1.795854e-05 
1.795677e-05 
1.795500e-05 
1.795324e-05 
1.795147e-05 
1.794970e-05 
1.794793e-05 
1.794617e-05 
1.794440e-05 
1.794264e-05 
1.794087e-05 
1.793910e-05 
1.793734e-05 
1.793557e-05 
1.793381e-05 
1.793205e-05 
1.793028e-05 
1.792852e-05 
1.792675e-05 
1.792499e-05 
1.792323e-05 
1.792146e-05 
1.791970e-05 
1.791794e-05 
1.791618e-05 
1.791441e-05 
1.791265e-05 
1.791089e-05 
1.790913e-05 
1.790737e-05 
1.790561e-05 
1.790385e-05 
1.790209e-05 
1.790033e-05 
1.789857e-05 
1.789681e-05 
1.789505e-05 
1.789329e-05 
1.789153e-05 
1.788977e-05 
1.788801e-05 
1.788625e-05 
1.788450e-05 
1.788274e-05 
1.788098e-05 
1.787923e-05 
1.787747e-05 
1.787571e-05 
1.787396e-05 
1.787220e-05 
1.787044e-05 
1.786869e-05 
1.786693e-05 
1.786518e-05 
1.786342e-05 
1.786167e-05 
1.785991e-05 
1.785816e-05 
1.785641e-05 
1.785465e-05 
1.785290e-05 
1.785115e-05 
1.784939e-05 
1.784764e-05 
1.784589e-05 
1.784413e-05 
1.784238e-05 
1.784063e-05 
1.783888e-05 
1.783713e-05 
1.783538e-05 
1.783363e-05 
1.783188e-05 
1.783013e-05 
1.782838e-05 
1.782663e-05 
1.782488e-05 
1.782313e-05 
1.782138e-05 
1.781963e-05 
1.781788e-05 
1.781613e-05 
1.781439e-05 
1.781264e-05 
1.781089e-05 
1.780914e-05 
1.780740e-05 
1.780565e-05 
1.780390e-05 
1.780216e-05 
1.780041e-05 
1.779866e-05 
1.779692e-05 
1.779517e-05 
1.779343e-05 
1.779168e-05 
1.778994e-05 
1.778819e-05 
1.778645e-05 
1.778471e-05 
1.778296e-05 
1.778122e-05 
1.777948e-05 
1.777773e-05 
1.777599e-05 
1.777425e-05 
1.777251e-05 
1.777076e-05 
1.776902e-05 
1.776728e-05 
1.776554e-05 
1.776380e-05 
1.776206e-05 
1.776032e-05 
1.775858e-05 
1.775684e-05 
1.775510e-05 
1.775336e-05 
1.775162e-05 
1.774988e-05 
1.774814e-05 
1.774640e-05 
1.774467e-05 
1.774293e-05 
1.774119e-05 
1.773945e-05 
1.773771e-05 
1.773598e-05 
1.773424e-05 
1.773250e-05 
1.773077e-05 
1.772903e-05 
1.772730e-05 
1.772556e-05 
1.772383e-05 
1.772209e-05 
1.772036e-05 
1.771862e-05 
1.771689e-05 
1.771515e-05 
1.771342e-05 
1.771168e-05 
1.770995e-05 
1.770822e-05 
1.770648e-05 
1.770475e-05 
1.770302e-05 
1.770129e-05 
1.769956e-05 
1.769782e-05 
1.769609e-05 
1.769436e-05 
1.769263e-05 
1.769090e-05 
1.768917e-05 
1.768744e-05 
1.768571e-05 
1.768398e-05 
1.768225e-05 
1.768052e-05 
1.767879e-05 
1.767706e-05 
1.767533e-05 
1.767361e-05 
1.767188e-05 
1.767015e-05 
1.766842e-05 
1.766670e-05 
1.766497e-05 
1.766324e-05 
1.766152e-05 
1.765979e-05 
1.765807e-05 
1.765634e-05 
1.765461e-05 
1.765289e-05 
1.765116e-05 
1.764944e-05 
1.764772e-05 
1.764599e-05 
1.764427e-05 
1.764254e-05 
1.764082e-05 
1.763910e-05 
1.763737e-05 
1.763565e-05 
1.763393e-05 
1.763221e-05 
1.763049e-05 
1.762876e-05 
1.762704e-05 
1.762532e-05 
1.762360e-05 
1.762188e-05 
1.762016e-05 
1.761844e-05 
1.761672e-05 
1.761500e-05 
1.761328e-05 
1.761156e-05 
1.760984e-05 
1.760812e-05 
1.760640e-05 
1.760469e-05 
1.760297e-05 
1.760125e-05 
1.759953e-05 
1.759781e-05 
1.759610e-05 
1.759438e-05 
1.759266e-05 
1.759095e-05 
1.758923e-05 
1.758751e-05 
1.758580e-05 
1.758408e-05 
1.758237e-05 
1.758065e-05 
1.757894e-05 
1.757722e-05 
1.757551e-05 
1.757380e-05 
1.757208e-05 
1.757037e-05 
1.756866e-05 
1.756694e-05 
1.756523e-05 
1.756352e-05 
1.756180e-05 
1.756009e-05 
1.755838e-05 
1.755667e-05 
1.755496e-05 
1.755325e-05 
1.755154e-05 
1.754982e-05 
1.754811e-05 
1.754640e-05 
1.754469e-05 
1.754298e-05 
1.754127e-05 
1.753957e-05 
1.753786e-05 
1.753615e-05 
1.753444e-05 
1.753273e-05 
1.753102e-05 
1.752932e-05 
1.752761e-05 
1.752590e-05 
1.752419e-05 
1.752249e-05 
1.752078e-05 
1.751907e-05 
1.751737e-05 
1.751566e-05 
1.751396e-05 
1.751225e-05 
1.751054e-05 
1.750884e-05 
1.750714e-05 
1.750543e-05 
1.750373e-05 
1.750202e-05 
1.750032e-05 
1.749861e-05 
1.749691e-05 
1.749521e-05 
1.749351e-05 
1.749180e-05 
1.749010e-05 
1.748840e-05 
1.748670e-05 
1.748500e-05 
1.748329e-05 
1.748159e-05 
1.747989e-05 
1.747819e-05 
1.747649e-05 
1.747479e-05 
1.747309e-05 
1.747139e-05 
1.746969e-05 
1.746799e-05 
1.746629e-05 
1.746459e-05 
1.746290e-05 
1.746120e-05 
1.745950e-05 
1.745780e-05 
1.745610e-05 
1.745441e-05 
1.745271e-05 
1.745101e-05 
1.744931e-05 
1.744762e-05 
1.744592e-05 
1.744423e-05 
1.744253e-05 
1.744084e-05 
1.743914e-05 
1.743744e-05 
1.743575e-05 
1.743406e-05 
1.743236e-05 
1.743067e-05 
1.742897e-05 
1.742728e-05 
1.742559e-05 
1.742389e-05 
1.742220e-05 
1.742051e-05 
1.741881e-05 
1.741712e-05 
1.741543e-05 
1.741374e-05 
1.741205e-05 
1.741036e-05 
1.740867e-05 
1.740697e-05 
1.740528e-05 
1.740359e-05 
1.740190e-05 
1.740021e-05 
1.739852e-05 
1.739683e-05 
1.739515e-05 
1.739346e-05 
1.739177e-05 
1.739008e-05 
1.738839e-05 
1.738670e-05 
1.738502e-05 
1.738333e-05 
1.738164e-05 
1.737995e-05 
1.737827e-05 
1.737658e-05 
1.737489e-05 
1.737321e-05 
1.737152e-05 
1.736984e-05 
1.736815e-05 
1.736647e-05 
1.736478e-05 
1.736310e-05 
1.736141e-05 
1.735973e-05 
1.735804e-05 
1.735636e-05 
1.735468e-05 
1.735299e-05 
1.735131e-05 
1.734963e-05 
1.734794e-05 
1.734626e-05 
1.734458e-05 
1.734290e-05 
1.734122e-05 
1.733953e-05 
1.733785e-05 
1.733617e-05 
1.733449e-05 
1.733281e-05 
1.733113e-05 
1.732945e-05 
1.732777e-05 
1.732609e-05 
1.732441e-05 
1.732273e-05 
1.732105e-05 
1.731938e-05 
1.731770e-05 
1.731602e-05 
1.731434e-05 
1.731266e-05 
1.731099e-05 
1.730931e-05 
1.730763e-05 
1.730595e-05 
1.730428e-05 
1.730260e-05 
1.730093e-05 
1.729925e-05 
1.729757e-05 
1.729590e-05 
1.729422e-05 
1.729255e-05 
1.729087e-05 
1.728920e-05 
1.728753e-05 
1.728585e-05 
1.728418e-05 
1.728250e-05 
1.728083e-05 
1.727916e-05 
1.727749e-05 
1.727581e-05 
1.727414e-05 
1.727247e-05 
1.727080e-05 
1.726912e-05 
1.726745e-05 
1.726578e-05 
1.726411e-05 
1.726244e-05 
1.726077e-05 
1.725910e-05 
1.725743e-05 
1.725576e-05 
1.725409e-05 
1.725242e-05 
1.725075e-05 
1.724908e-05 
1.724741e-05 
1.724575e-05 
1.724408e-05 
1.724241e-05 
1.724074e-05 
1.723907e-05 
1.723741e-05 
1.723574e-05 
1.723407e-05 
1.723241e-05 
1.723074e-05 
1.722907e-05 
1.722741e-05 
1.722574e-05 
1.722408e-05 
1.722241e-05 
1.722075e-05 
1.721908e-05 
1.721742e-05 
1.721575e-05 
1.721409e-05 
1.721243e-05 
1.721076e-05 
1.720910e-05 
1.720744e-05 
1.720577e-05 
1.720411e-05 
1.720245e-05 
1.720079e-05 
1.719912e-05 
1.719746e-05 
1.719580e-05 
1.719414e-05 
1.719248e-05 
1.719082e-05 
1.718916e-05 
1.718750e-05 
1.718584e-05 
1.718418e-05 
1.718252e-05 
1.718086e-05 
1.717920e-05 
1.717754e-05 
1.717588e-05 
1.717422e-05 
1.717256e-05 
1.717090e-05 
1.716925e-05 
1.716759e-05 
1.716593e-05 
1.716427e-05 
1.716262e-05 
1.716096e-05 
1.715930e-05 
1.715765e-05 
1.715599e-05 
1.715434e-05 
1.715268e-05 
1.715103e-05 
1.714937e-05 
1.714772e-05 
1.714606e-05 
1.714441e-05 
1.714275e-05 
1.714110e-05 
1.713945e-05 
1.713779e-05 
1.713614e-05 
1.713449e-05 
1.713283e-05 
1.713118e-05 
1.712953e-05 
1.712788e-05 
1.712622e-05 
1.712457e-05 
1.712292e-05 
1.712127e-05 
1.711962e-05 
1.711797e-05 
1.711632e-05 
1.711467e-05 
1.711302e-05 
1.711137e-05 
1.710972e-05 
1.710807e-05 
1.710642e-05 
1.710477e-05 
1.710312e-05 
1.710147e-05 
1.709982e-05 
1.709818e-05 
1.709653e-05 
1.709488e-05 
1.709323e-05 
1.709159e-05 
1.708994e-05 
1.708829e-05 
1.708665e-05 
1.708500e-05 
1.708335e-05 
1.708171e-05 
1.708006e-05 
1.707842e-05 
1.707677e-05 
1.707513e-05 
1.707348e-05 
1.707184e-05 
1.707020e-05 
1.706855e-05 
1.706691e-05 
1.706526e-05 
1.706362e-05 
1.706198e-05 
1.706033e-05 
1.705869e-05 
1.705705e-05 
1.705541e-05 
1.705377e-05 
1.705212e-05 
1.705048e-05 
1.704884e-05 
1.704720e-05 
1.704556e-05 
1.704392e-05 
1.704228e-05 
1.704064e-05 
1.703900e-05 
1.703736e-05 
1.703572e-05 
1.703408e-05 
1.703244e-05 
1.703080e-05 
1.702917e-05 
1.702753e-05 
1.702589e-05 
1.702425e-05 
1.702261e-05 
1.702098e-05 
1.701934e-05 
1.701770e-05 
1.701607e-05 
1.701443e-05 
1.701279e-05 
1.701116e-05 
1.700952e-05 
1.700789e-05 
1.700625e-05 
1.700462e-05 
1.700298e-05 
1.700135e-05 
1.699971e-05 
1.699808e-05 
1.699644e-05 
1.699481e-05 
1.699318e-05 
1.699154e-05 
1.698991e-05 
1.698828e-05 
1.698664e-05 
1.698501e-05 
1.698338e-05 
1.698175e-05 
1.698012e-05 
1.697848e-05 
1.697685e-05 
1.697522e-05 
1.697359e-05 
1.697196e-05 
1.697033e-05 
1.696870e-05 
1.696707e-05 
1.696544e-05 
1.696381e-05 
1.696218e-05 
1.696055e-05 
1.695892e-05 
1.695730e-05 
1.695567e-05 
1.695404e-05 
1.695241e-05 
1.695078e-05 
1.694916e-05 
1.694753e-05 
1.694590e-05 
1.694427e-05 
1.694265e-05 
1.694102e-05 
1.693940e-05 
1.693777e-05 
1.693614e-05 
1.693452e-05 
1.693289e-05 
1.693127e-05 
1.692964e-05 
1.692802e-05 
1.692639e-05 
1.692477e-05 
1.692315e-05 
1.692152e-05 
1.691990e-05 
1.691828e-05 
1.691665e-05 
1.691503e-05 
1.691341e-05 
1.691179e-05 
1.691016e-05 
1.690854e-05 
1.690692e-05 
1.690530e-05 
1.690368e-05 
1.690206e-05 
1.690044e-05 
1.689882e-05 
1.689720e-05 
1.689558e-05 
1.689396e-05 
1.689234e-05 
1.689072e-05 
1.688910e-05 
1.688748e-05 
1.688586e-05 
1.688424e-05 
1.688262e-05 
1.688100e-05 
1.687939e-05 
1.687777e-05 
1.687615e-05 
1.687453e-05 
1.687292e-05 
1.687130e-05 
1.686968e-05 
1.686807e-05 
1.686645e-05 
1.686484e-05 
1.686322e-05 
1.686161e-05 
1.685999e-05 
1.685838e-05 
1.685676e-05 
1.685515e-05 
1.685353e-05 
1.685192e-05 
1.685030e-05 
1.684869e-05 
1.684708e-05 
1.684546e-05 
1.684385e-05 
1.684224e-05 
1.684063e-05 
1.683901e-05 
1.683740e-05 
1.683579e-05 
1.683418e-05 
1.683257e-05 
1.683095e-05 
1.682934e-05 
1.682773e-05 
1.682612e-05 
1.682451e-05 
1.682290e-05 
1.682129e-05 
1.681968e-05 
1.681807e-05 
1.681646e-05 
1.681486e-05 
1.681325e-05 
1.681164e-05 
1.681003e-05 
1.680842e-05 
1.680681e-05 
1.680521e-05 
1.680360e-05 
1.680199e-05 
1.680038e-05 
1.679878e-05 
1.679717e-05 
1.679556e-05 
1.679396e-05 
1.679235e-05 
1.679075e-05 
1.678914e-05 
1.678754e-05 
1.678593e-05 
1.678433e-05 
1.678272e-05 
1.678112e-05 
1.677951e-05 
1.677791e-05 
1.677631e-05 
1.677470e-05 
1.677310e-05 
1.677150e-05 
1.676989e-05 
1.676829e-05 
1.676669e-05 
1.676509e-05 
2.574062e-06 
2.573540e-06 
2.573017e-06 
2.572496e-06 
2.571974e-06 
2.571452e-06 
2.570930e-06 
2.570409e-06 
2.569888e-06 
2.569367e-06 
2.568846e-06 
2.568325e-06 
2.567804e-06 
2.567283e-06 
2.566763e-06 
2.566243e-06 
2.565722e-06 
2.565202e-06 
2.564682e-06 
2.564163e-06 
2.563643e-06 
2.563123e-06 
2.562604e-06 
2.562085e-06 
2.561566e-06 
2.561047e-06 
2.560528e-06 
2.560009e-06 
2.559491e-06 
2.558972e-06 
2.558454e-06 
2.557936e-06 
2.557418e-06 
2.556900e-06 
2.556382e-06 
2.555864e-06 
2.555347e-06 
2.554829e-06 
2.554312e-06 
2.553795e-06 
2.553278e-06 
2.552761e-06 
2.552245e-06 
2.551728e-06 
2.551212e-06 
2.550695e-06 
2.550179e-06 
2.549663e-06 
2.549147e-06 
2.548632e-06 
2.548116e-06 
2.547600e-06 
2.547085e-06 
2.546570e-06 
2.546055e-06 
2.545540e-06 
2.545025e-06 
2.544510e-06 
2.543996e-06 
2.543481e-06 
2.542967e-06 
2.542453e-06 
2.541939e-06 
2.541425e-06 
2.540911e-06 
2.540398e-06 
2.539884e-06 
2.539371e-06 
2.538858e-06 
2.538345e-06 
2.537832e-06 
2.537319e-06 
2.536806e-06 
2.536294e-06 
2.535781e-06 
2.535269e-06 
2.534757e-06 
2.534245e-06 
2.533733e-06 
2.533221e-06 
2.532710e-06 
2.532198e-06 
2.531687e-06 
2.531176e-06 
2.530664e-06 
2.530153e-06 
2.529643e-06 
2.529132e-06 
2.528621e-06 
2.528111e-06 
2.527601e-06 
2.527091e-06 
2.526581e-06 
2.526071e-06 
2.525561e-06 
2.525051e-06 
2.524542e-06 
2.524032e-06 
2.523523e-06 
2.523014e-06 
2.522505e-06 
2.521996e-06 
2.521488e-06 
2.520979e-06 
2.520471e-06 
2.519962e-06 
2.519454e-06 
2.518946e-06 
2.518438e-06 
2.517930e-06 
2.517423e-06 
2.516915e-06 
2.516408e-06 
2.515901e-06 
2.515393e-06 
2.514886e-06 
2.514380e-06 
2.513873e-06 
2.513366e-06 
2.512860e-06 
2.512353e-06 
2.511847e-06 
2.511341e-06 
2.510835e-06 
2.510329e-06 
2.509824e-06 
2.509318e-06 
2.508813e-06 
2.508307e-06 
2.507802e-06 
2.507297e-06 
2.506792e-06 
2.506288e-06 
2.505783e-06 
2.505278e-06 
2.504774e-06 
2.504270e-06 
2.503766e-06 
2.503262e-06 
2.502758e-06 
2.502254e-06 
2.501751e-06 
2.501247e-06 
2.500744e-06 
2.500241e-06 
2.499738e-06 
2.499235e-06 
2.498732e-06 
2.498229e-06 
2.497727e-06 
2.497224e-06 
2.496722e-06 
2.496220e-06 
2.495718e-06 
2.495216e-06 
2.494714e-06 
2.494212e-06 
2.493711e-06 
2.493209e-06 
2.492708e-06 
2.492207e-06 
2.491706e-06 
2.491205e-06 
2.490704e-06 
2.490204e-06 
2.489703e-06 
2.489203e-06 
2.488703e-06 
2.488203e-06 
2.487703e-06 
2.487203e-06 
2.486703e-06 
2.486204e-06 
2.485704e-06 
2.485205e-06 
2.484706e-06 
2.484207e-06 
2.483708e-06 
2.483209e-06 
2.482710e-06 
2.482212e-06 
2.481713e-06 
2.481215e-06 
2.480717e-06 
2.480219e-06 
2.479721e-06 
2.479223e-06 
2.478725e-06 
2.478228e-06 
2.477731e-06 
2.477233e-06 
2.476736e-06 
2.476239e-06 
2.475742e-06 
2.475246e-06 
2.474749e-06 
2.474252e-06 
2.473756e-06 
2.473260e-06 
2.472764e-06 
2.472268e-06 
2.471772e-06 
2.471276e-06 
2.470781e-06 
2.470285e-06 
2.469790e-06 
2.469295e-06 
2.468800e-06 
2.468305e-06 
2.467810e-06 
2.467315e-06 
2.466820e-06 
2.466326e-06 
2.465832e-06 
2.465337e-06 
2.464843e-06 
2.464349e-06 
2.463856e-06 
2.463362e-06 
2.462868e-06 
2.462375e-06 
2.461882e-06 
2.461389e-06 
2.460895e-06 
2.460403e-06 
2.459910e-06 
2.459417e-06 
2.458925e-06 
2.458432e-06 
2.457940e-06 
2.457448e-06 
2.456956e-06 
2.456464e-06 
2.455972e-06 
2.455480e-06 
2.454989e-06 
2.454497e-06 
2.454006e-06 
2.453515e-06 
2.453024e-06 
2.452533e-06 
2.452042e-06 
2.451552e-06 
2.451061e-06 
2.450571e-06 
2.450080e-06 
2.449590e-06 
2.449100e-06 
2.448610e-06 
2.448121e-06 
2.447631e-06 
2.447142e-06 
2.446652e-06 
2.446163e-06 
2.445674e-06 
2.445185e-06 
2.444696e-06 
2.444207e-06 
2.443718e-06 
2.443230e-06 
2.442742e-06 
2.442253e-06 
2.441765e-06 
2.441277e-06 
2.440789e-06 
2.440302e-06 
2.439814e-06 
2.439326e-06 
2.438839e-06 
2.438352e-06 
2.437865e-06 
2.437378e-06 
2.436891e-06 
2.436404e-06 
2.435917e-06 
2.435431e-06 
2.434945e-06 
2.434458e-06 
2.433972e-06 
2.433486e-06 
2.433000e-06 
2.432515e-06 
2.432029e-06 
2.431543e-06 
2.431058e-06 
2.430573e-06 
2.430088e-06 
2.429603e-06 
2.429118e-06 
2.428633e-06 
2.428148e-06 
2.427664e-06 
2.427179e-06 
2.426695e-06 
2.426211e-06 
2.425727e-06 
2.425243e-06 
2.424759e-06 
2.424276e-06 
2.423792e-06 
2.423309e-06 
2.422826e-06 
2.422342e-06 
2.421859e-06 
2.421377e-06 
2.420894e-06 
2.420411e-06 
2.419929e-06 
2.419446e-06 
2.418964e-06 
2.418482e-06 
2.418000e-06 
2.417518e-06 
2.417036e-06 
2.416554e-06 
2.416073e-06 
2.415591e-06 
2.415110e-06 
2.414629e-06 
2.414148e-06 
2.413667e-06 
2.413186e-06 
2.412706e-06 
2.412225e-06 
2.411745e-06 
2.411264e-06 
2.410784e-06 
2.410304e-06 
2.409824e-06 
2.409344e-06 
2.408865e-06 
2.408385e-06 
2.407906e-06 
2.407426e-06 
2.406947e-06 
2.406468e-06 
2.405989e-06 
2.405510e-06 
2.405031e-06 
2.404553e-06 
2.404074e-06 
2.403596e-06 
2.403118e-06 
2.402640e-06 
2.402162e-06 
2.401684e-06 
2.401206e-06 
2.400729e-06 
2.400251e-06 
2.399774e-06 
2.399296e-06 
2.398819e-06 
2.398342e-06 
2.397865e-06 
2.397389e-06 
2.396912e-06 
2.396436e-06 
2.395959e-06 
2.395483e-06 
2.395007e-06 
2.394531e-06 
2.394055e-06 
2.393579e-06 
2.393103e-06 
2.392628e-06 
2.392152e-06 
2.391677e-06 
2.391202e-06 
2.390727e-06 
2.390252e-06 
2.389777e-06 
2.389302e-06 
2.388828e-06 
2.388353e-06 
2.387879e-06 
2.387405e-06 
2.386931e-06 
2.386457e-06 
2.385983e-06 
2.385509e-06 
2.385036e-06 
2.384562e-06 
2.384089e-06 
2.383616e-06 
2.383142e-06 
2.382669e-06 
2.382197e-06 
2.381724e-06 
2.381251e-06 
2.380779e-06 
2.380306e-06 
2.379834e-06 
2.379362e-06 
2.378890e-06 
2.378418e-06 
2.377946e-06 
2.377474e-06 
2.377003e-06 
2.376531e-06 
2.376060e-06 
2.375589e-06 
2.375118e-06 
2.374647e-06 
2.374176e-06 
2.373705e-06 
2.373235e-06 
2.372764e-06 
2.372294e-06 
2.371824e-06 
2.371354e-06 
2.370884e-06 
2.370414e-06 
2.369944e-06 
2.369474e-06 
2.369005e-06 
2.368535e-06 
2.368066e-06 
2.367597e-06 
2.367128e-06 
2.366659e-06 
2.366190e-06 
2.365722e-06 
2.365253e-06 
2.364785e-06 
2.364316e-06 
2.363848e-06 
2.363380e-06 
2.362912e-06 
2.362444e-06 
2.361976e-06 
2.361509e-06 
2.361041e-06 
2.360574e-06 
2.360107e-06 
2.359640e-06 
2.359173e-06 
2.358706e-06 
2.358239e-06 
2.357772e-06 
2.357306e-06 
2.356839e-06 
2.356373e-06 
2.355907e-06 
2.355441e-06 
2.354975e-06 
2.354509e-06 
2.354043e-06 
2.353578e-06 
2.353112e-06 
2.352647e-06 
2.352182e-06 
2.351717e-06 
2.351252e-06 
2.350787e-06 
2.350322e-06 
2.349857e-06 
2.349393e-06 
2.348928e-06 
2.348464e-06 
2.348000e-06 
2.347536e-06 
2.347072e-06 
2.346608e-06 
2.346144e-06 
2.345681e-06 
2.345217e-06 
2.344754e-06 
2.344291e-06 
2.343828e-06 
2.343365e-06 
2.342902e-06 
2.342439e-06 
2.341976e-06 
2.341514e-06 
2.341051e-06 
2.340589e-06 
2.340127e-06 
2.339665e-06 
2.339203e-06 
2.338741e-06 
2.338279e-06 
2.337818e-06 
2.337356e-06 
2.336895e-06 
2.336434e-06 
2.335973e-06 
2.335512e-06 
2.335051e-06 
2.334590e-06 
2.334129e-06 
2.333669e-06 
2.333208e-06 
2.332748e-06 
2.332288e-06 
2.331828e-06 
2.331368e-06 
2.330908e-06 
2.330448e-06 
2.329989e-06 
2.329529e-06 
2.329070e-06 
2.328611e-06 
2.328152e-06 
2.327693e-06 
2.327234e-06 
2.326775e-06 
2.326316e-06 
2.325858e-06 
2.325399e-06 
2.324941e-06 
2.324483e-06 
2.324025e-06 
2.323567e-06 
2.323109e-06 
2.322651e-06 
2.322193e-06 
2.321736e-06 
2.321278e-06 
2.320821e-06 
2.320364e-06 
2.319907e-06 
2.319450e-06 
2.318993e-06 
2.318537e-06 
2.318080e-06 
2.317623e-06 
2.317167e-06 
2.316711e-06 
2.316255e-06 
2.315799e-06 
2.315343e-06 
2.314887e-06 
2.314431e-06 
2.313976e-06 
2.313520e-06 
2.313065e-06 
2.312610e-06 
2.312155e-06 
2.311700e-06 
2.311245e-06 
2.310790e-06 
2.310336e-06 
2.309881e-06 
2.309427e-06 
2.308972e-06 
2.308518e-06 
2.308064e-06 
2.307610e-06 
2.307157e-06 
2.306703e-06 
2.306249e-06 
2.305796e-06 
2.305342e-06 
2.304889e-06 
2.304436e-06 
2.303983e-06 
2.303530e-06 
2.303077e-06 
2.302625e-06 
2.302172e-06 
2.301720e-06 
2.301267e-06 
2.300815e-06 
2.300363e-06 
2.299911e-06 
2.299459e-06 
2.299007e-06 
2.298556e-06 
2.298104e-06 
2.297653e-06 
2.297201e-06 
2.296750e-06 
2.296299e-06 
2.295848e-06 
2.295397e-06 
2.294947e-06 
2.294496e-06 
2.294046e-06 
2.293595e-06 
2.293145e-06 
2.292695e-06 
2.292245e-06 
2.291795e-06 
2.291345e-06 
2.290895e-06 
2.290446e-06 
2.289996e-06 
2.289547e-06 
2.289097e-06 
2.288648e-06 
2.288199e-06 
2.287750e-06 
2.287302e-06 
2.286853e-06 
2.286404e-06 
2.285956e-06 
2.285507e-06 
2.285059e-06 
2.284611e-06 
2.284163e-06 
2.283715e-06 
2.283267e-06 
2.282820e-06 
2.282372e-06 
2.281925e-06 
2.281477e-06 
2.281030e-06 
2.280583e-06 
2.280136e-06 
2.279689e-06 
2.279242e-06 
2.278796e-06 
2.278349e-06 
2.277903e-06 
2.277456e-06 
2.277010e-06 
2.276564e-06 
2.276118e-06 
2.275672e-06 
2.275226e-06 
2.274781e-06 
2.274335e-06 
2.273890e-06 
2.273444e-06 
2.272999e-06 
2.272554e-06 
2.272109e-06 
2.271664e-06 
2.271220e-06 
2.270775e-06 
2.270330e-06 
2.269886e-06 
2.269442e-06 
2.268997e-06 
2.268553e-06 
2.268109e-06 
2.267666e-06 
2.267222e-06 
2.266778e-06 
2.266335e-06 
2.265891e-06 
2.265448e-06 
2.265005e-06 
2.264562e-06 
2.264119e-06 
2.263676e-06 
2.263233e-06 
2.262790e-06 
2.262348e-06 
2.261906e-06 
2.261463e-06 
2.261021e-06 
2.260579e-06 
2.260137e-06 
2.259695e-06 
2.259253e-06 
2.258812e-06 
2.258370e-06 
2.257929e-06 
2.257488e-06 
2.257046e-06 
2.256605e-06 
2.256164e-06 
2.255723e-06 
2.255283e-06 
2.254842e-06 
2.254402e-06 
2.253961e-06 
2.253521e-06 
2.253081e-06 
2.252641e-06 
2.252201e-06 
2.251761e-06 
2.251321e-06 
2.250881e-06 
2.250442e-06 
2.250002e-06 
2.249563e-06 
2.249124e-06 
2.248685e-06 
2.248246e-06 
2.247807e-06 
2.247368e-06 
2.246929e-06 
2.246491e-06 
2.246053e-06 
2.245614e-06 
2.245176e-06 
2.244738e-06 
2.244300e-06 
2.243862e-06 
2.243424e-06 
2.242987e-06 
2.242549e-06 
2.242112e-06 
2.241674e-06 
2.241237e-06 
2.240800e-06 
2.240363e-06 
2.239926e-06 
2.239489e-06 
2.239053e-06 
2.238616e-06 
2.238180e-06 
2.237743e-06 
2.237307e-06 
2.236871e-06 
2.236435e-06 
2.235999e-06 
2.235563e-06 
2.235127e-06 
2.234692e-06 
2.234256e-06 
2.233821e-06 
2.233386e-06 
2.232951e-06 
2.232516e-06 
2.232081e-06 
2.231646e-06 
2.231211e-06 
2.230776e-06 
2.230342e-06 
2.229908e-06 
2.229473e-06 
2.229039e-06 
2.228605e-06 
2.228171e-06 
2.227737e-06 
2.227304e-06 
2.226870e-06 
2.226436e-06 
2.226003e-06 
2.225570e-06 
2.225137e-06 
2.224703e-06 
2.224271e-06 
2.223838e-06 
2.223405e-06 
2.222972e-06 
2.222540e-06 
2.222107e-06 
2.221675e-06 
2.221243e-06 
2.220811e-06 
2.220379e-06 
2.219947e-06 
2.219515e-06 
2.219083e-06 
2.218652e-06 
2.218220e-06 
2.217789e-06 
2.217358e-06 
2.216927e-06 
2.216496e-06 
2.216065e-06 
2.215634e-06 
2.215203e-06 
2.214772e-06 
2.214342e-06 
2.213912e-06 
2.213481e-06 
2.213051e-06 
2.212621e-06 
2.212191e-06 
2.211761e-06 
2.211332e-06 
2.210902e-06 
2.210472e-06 
2.210043e-06 
2.209614e-06 
2.209184e-06 
2.208755e-06 
2.208326e-06 
2.207898e-06 
2.207469e-06 
2.207040e-06 
2.206612e-06 
2.206183e-06 
2.205755e-06 
2.205326e-06 
2.204898e-06 
2.204470e-06 
2.204042e-06 
2.203615e-06 
2.203187e-06 
2.202759e-06 
2.202332e-06 
2.201904e-06 
2.201477e-06 
2.201050e-06 
2.200623e-06 
2.200196e-06 
2.199769e-06 
2.199342e-06 
2.198916e-06 
2.198489e-06 
2.198063e-06 
2.197636e-06 
2.197210e-06 
2.196784e-06 
2.196358e-06 
2.195932e-06 
2.195506e-06 
2.195081e-06 
2.194655e-06 
2.194230e-06 
2.193804e-06 
2.193379e-06 
2.192954e-06 
2.192529e-06 
2.192104e-06 
2.191679e-06 
2.191254e-06 
2.190830e-06 
2.190405e-06 
2.189981e-06 
2.189557e-06 
2.189132e-06 
2.188708e-06 
2.188284e-06 
2.187860e-06 
2.187437e-06 
2.187013e-06 
2.186589e-06 
2.186166e-06 
2.185743e-06 
2.185319e-06 
2.184896e-06 
2.184473e-06 
2.184050e-06 
2.183627e-06 
2.183205e-06 
2.182782e-06 
2.182359e-06 
2.181937e-06 
2.181515e-06 
2.181093e-06 
2.180670e-06 
2.180248e-06 
2.179827e-06 
2.179405e-06 
2.178983e-06 
2.178562e-06 
2.178140e-06 
2.177719e-06 
2.177297e-06 
2.176876e-06 
2.176455e-06 
2.176034e-06 
2.175614e-06 
2.175193e-06 
2.174772e-06 
2.174352e-06 
2.173931e-06 
2.173511e-06 
2.173091e-06 
2.172671e-06 
2.172251e-06 
2.171831e-06 
2.171411e-06 
2.170991e-06 
2.170572e-06 
2.170152e-06 
2.169733e-06 
2.169314e-06 
2.168894e-06 
2.168475e-06 
2.168056e-06 
2.167637e-06 
2.167219e-06 
2.166800e-06 
2.166382e-06 
2.165963e-06 
2.165545e-06 
2.165127e-06 
2.164708e-06 
2.164290e-06 
2.163872e-06 
2.163455e-06 
2.163037e-06 
2.162619e-06 
2.162202e-06 
2.161784e-06 
2.161367e-06 
2.160950e-06 
2.160533e-06 
2.160116e-06 
2.159699e-06 
2.159282e-06 
2.158866e-06 
2.158449e-06 
2.158032e-06 
2.157616e-06 
2.157200e-06 
2.156784e-06 
2.156368e-06 
2.155952e-06 
2.155536e-06 
2.155120e-06 
2.154704e-06 
2.154289e-06 
2.153873e-06 
2.153458e-06 
2.153043e-06 
2.152628e-06 
2.152213e-06 
2.151798e-06 
2.151383e-06 
2.150968e-06 
2.150554e-06 
2.150139e-06 
2.149725e-06 
2.149310e-06 
2.148896e-06 
2.148482e-06 
2.148068e-06 
2.147654e-06 
2.147240e-06 
2.146827e-06 
2.146413e-06 
2.146000e-06 
2.145586e-06 
2.145173e-06 
2.144760e-06 
2.144347e-06 
2.143934e-06 
2.143521e-06 
2.143108e-06 
2.142695e-06 
2.142283e-06 
2.141870e-06 
2.141458e-06 
2.141046e-06 
2.140634e-06 
2.140222e-06 
2.139810e-06 
2.139398e-06 
2.138986e-06 
2.138574e-06 
2.138163e-06 
2.137751e-06 
2.137340e-06 
2.136929e-06 
2.136518e-06 
2.136107e-06 
2.135696e-06 
2.135285e-06 
2.134874e-06 
2.134463e-06 
2.134053e-06 
2.133643e-06 
2.133232e-06 
2.132822e-06 
2.132412e-06 
2.132002e-06 
2.131592e-06 
2.131182e-06 
2.130772e-06 
2.130363e-06 
2.129953e-06 
2.129544e-06 
2.129135e-06 
2.128725e-06 
2.128316e-06 
2.127907e-06 
2.127498e-06 
2.127089e-06 
2.126681e-06 
2.126272e-06 
2.125864e-06 
2.125455e-06 
2.125047e-06 
2.124639e-06 
2.124231e-06 
2.123823e-06 
2.123415e-06 
2.123007e-06 
2.122599e-06 
2.122192e-06 
2.121784e-06 
2.121377e-06 
2.120969e-06 
2.120562e-06 
2.120155e-06 
2.119748e-06 
2.119341e-06 
2.118934e-06 
2.118528e-06 
2.118121e-06 
2.117715e-06 
2.117308e-06 
2.116902e-06 
2.116496e-06 
2.116090e-06 
2.115684e-06 
2.115278e-06 
2.114872e-06 
2.114466e-06 
2.114061e-06 
2.113655e-06 
2.113250e-06 
2.112845e-06 
2.112439e-06 
2.112034e-06 
2.111629e-06 
2.111224e-06 
2.110820e-06 
2.110415e-06 
2.110010e-06 
2.109606e-06 
2.109201e-06 
2.108797e-06 
2.108393e-06 
2.107989e-06 
2.107585e-06 
2.107181e-06 
2.106777e-06 
2.106373e-06 
2.105970e-06 
2.105566e-06 
2.105163e-06 
2.104760e-06 
2.104356e-06 
2.103953e-06 
2.103550e-06 
2.103147e-06 
2.102745e-06 
2.102342e-06 
2.101939e-06 
2.101537e-06 
2.101134e-06 
2.100732e-06 
2.100330e-06 
2.099928e-06 
2.099526e-06 
2.099124e-06 
2.098722e-06 
2.098320e-06 
2.097919e-06 
2.097517e-06 
2.097116e-06 
2.096714e-06 
2.096313e-06 
2.095912e-06 
2.095511e-06 
2.095110e-06 
2.094709e-06 
2.094309e-06 
2.093908e-06 
2.093507e-06 
2.093107e-06 
2.092707e-06 
2.092306e-06 
2.091906e-06 
2.091506e-06 
2.091106e-06 
2.090706e-06 
2.090307e-06 
2.089907e-06 
2.089508e-06 
2.089108e-06 
2.088709e-06 
2.088310e-06 
2.087910e-06 
2.087511e-06 
2.087112e-06 
2.086713e-06 
2.086315e-06 
2.085916e-06 
2.085517e-06 
2.085119e-06 
2.084721e-06 
2.084322e-06 
2.083924e-06 
2.083526e-06 
2.083128e-06 
2.082730e-06 
2.082332e-06 
2.081935e-06 
2.081537e-06 
2.081140e-06 
2.080742e-06 
2.080345e-06 
2.079948e-06 
2.079551e-06 
2.079154e-06 
2.078757e-06 
2.078360e-06 
2.077963e-06 
2.077567e-06 
2.077170e-06 
2.076774e-06 
2.076377e-06 
2.075981e-06 
2.075585e-06 
2.075189e-06 
2.074793e-06 
2.074397e-06 
2.074002e-06 
2.073606e-06 
2.073210e-06 
2.072815e-06 
2.072420e-06 
2.072024e-06 
2.071629e-06 
2.071234e-06 
2.070839e-06 
2.070444e-06 
2.070049e-06 
2.069655e-06 
2.069260e-06 
2.068866e-06 
2.068471e-06 
2.068077e-06 
2.067683e-06 
2.067289e-06 
2.066895e-06 
2.066501e-06 
2.066107e-06 
2.065713e-06 
2.065320e-06 
2.064926e-06 
2.064533e-06 
2.064140e-06 
2.063746e-06 
2.063353e-06 
2.062960e-06 
2.062567e-06 
2.062174e-06 
2.061782e-06 
2.061389e-06 
2.060996e-06 
2.060604e-06 
2.060212e-06 
2.059819e-06 
2.059427e-06 
2.059035e-06 
2.058643e-06 
2.058251e-06 
2.057859e-06 
2.057468e-06 
2.057076e-06 
2.056685e-06 
2.056293e-06 
2.055902e-06 
2.055511e-06 
2.055120e-06 
2.054729e-06 
2.054338e-06 
2.053947e-06 
2.053556e-06 
2.053166e-06 
2.052775e-06 
2.052385e-06 
2.051994e-06 
2.051604e-06 
2.051214e-06 
2.050824e-06 
2.050434e-06 
2.050044e-06 
2.049654e-06 
2.049264e-06 
2.048875e-06 
2.048485e-06 
2.048096e-06 
2.047707e-06 
2.047317e-06 
2.046928e-06 
2.046539e-06 
2.046150e-06 
2.045762e-06 
2.045373e-06 
2.044984e-06 
2.044596e-06 
2.044207e-06 
2.043819e-06 
2.043431e-06 
2.043042e-06 
2.042654e-06 
2.042266e-06 
2.041879e-06 
2.041491e-06 
2.041103e-06 
2.040715e-06 
2.040328e-06 
2.039941e-06 
2.039553e-06 
2.039166e-06 
2.038779e-06 
2.038392e-06 
2.038005e-06 
2.037618e-06 
2.037231e-06 
2.036845e-06 
2.036458e-06 
2.036072e-06 
2.035685e-06 
2.035299e-06 
2.034913e-06 
2.034527e-06 
2.034141e-06 
2.033755e-06 
2.033369e-06 
2.032983e-06 
2.032598e-06 
2.032212e-06 
2.031827e-06 
2.031442e-06 
2.031056e-06 
2.030671e-06 
2.030286e-06 
2.029901e-06 
2.029516e-06 
2.029132e-06 
2.028747e-06 
2.028362e-06 
2.027978e-06 
2.027593e-06 
2.027209e-06 
2.026825e-06 
2.026441e-06 
2.026057e-06 
2.025673e-06 
2.025289e-06 
2.024905e-06 
2.024522e-06 
2.024138e-06 
2.023755e-06 
2.023371e-06 
2.022988e-06 
2.022605e-06 
2.022222e-06 
2.021839e-06 
2.021456e-06 
2.021073e-06 
2.020690e-06 
2.020308e-06 
2.019925e-06 
2.019543e-06 
2.019160e-06 
2.018778e-06 
2.018396e-06 
2.018014e-06 
2.017632e-06 
2.017250e-06 
2.016868e-06 
2.016487e-06 
2.016105e-06 
2.015724e-06 
2.015342e-06 
2.014961e-06 
2.014580e-06 
2.014199e-06 
2.013818e-06 
2.013437e-06 
2.013056e-06 
2.012675e-06 
2.012294e-06 
2.011914e-06 
2.011533e-06 
2.011153e-06 
2.010773e-06 
2.010392e-06 
2.010012e-06 
2.009632e-06 
2.009252e-06 
2.008872e-06 
2.008493e-06 
2.008113e-06 
2.007733e-06 
2.007354e-06 
2.006975e-06 
2.006595e-06 
2.006216e-06 
2.005837e-06 
2.005458e-06 
2.005079e-06 
2.004700e-06 
2.004322e-06 
2.003943e-06 
2.003564e-06 
2.003186e-06 
2.002808e-06 
2.002429e-06 
2.002051e-06 
2.001673e-06 
2.001295e-06 
2.000917e-06 
2.000539e-06 
2.000162e-06 
1.999784e-06 
1.999407e-06 
1.999029e-06 
1.998652e-06 
1.998274e-06 
1.997897e-06 
1.997520e-06 
1.997143e-06 
1.996766e-06 
1.996390e-06 
1.996013e-06 
1.995636e-06 
1.995260e-06 
1.994883e-06 
1.994507e-06 
1.994131e-06 
1.993754e-06 
1.993378e-06 
1.993002e-06 
1.992627e-06 
1.992251e-06 
1.991875e-06 
1.991499e-06 
1.991124e-06 
1.990748e-06 
1.990373e-06 
1.989998e-06 
1.989623e-06 
1.989248e-06 
1.988873e-06 
1.988498e-06 
1.988123e-06 
1.987748e-06 
1.987374e-06 
1.986999e-06 
1.986625e-06 
1.986250e-06 
1.985876e-06 
1.985502e-06 
1.985128e-06 
1.984754e-06 
1.984380e-06 
1.984006e-06 
1.983632e-06 
1.983259e-06 
1.982885e-06 
1.982512e-06 
1.982139e-06 
1.981765e-06 
1.981392e-06 
1.981019e-06 
1.980646e-06 
1.980273e-06 
1.979900e-06 
1.979528e-06 
1.979155e-06 
1.978782e-06 
1.978410e-06 
1.978038e-06 
1.977665e-06 
1.977293e-06 
1.976921e-06 
1.976549e-06 
1.976177e-06 
1.975805e-06 
1.975434e-06 
1.975062e-06 
1.974691e-06 
1.974319e-06 
1.973948e-06 
1.973576e-06 
1.973205e-06 
1.972834e-06 
1.972463e-06 
1.972092e-06 
1.971721e-06 
1.971351e-06 
1.970980e-06 
1.970609e-06 
1.970239e-06 
1.969869e-06 
1.969498e-06 
1.969128e-06 
1.968758e-06 
1.968388e-06 
1.968018e-06 
1.967648e-06 
1.967278e-06 
1.966909e-06 
1.966539e-06 
1.966170e-06 
1.965800e-06 
1.965431e-06 
1.965062e-06 
1.964693e-06 
1.964324e-06 
1.963955e-06 
1.963586e-06 
1.963217e-06 
1.962848e-06 
1.962480e-06 
1.962111e-06 
1.961743e-06 
1.961375e-06 
1.961006e-06 
1.960638e-06 
1.960270e-06 
1.959902e-06 
1.959534e-06 
1.959166e-06 
1.958799e-06 
1.958431e-06 
1.958064e-06 
1.957696e-06 
1.957329e-06 
1.956962e-06 
1.956594e-06 
1.956227e-06 
1.955860e-06 
1.955493e-06 
1.955127e-06 
1.954760e-06 
1.954393e-06 
1.954027e-06 
1.953660e-06 
1.953294e-06 
1.952928e-06 
1.952561e-06 
1.952195e-06 
1.951829e-06 
1.951463e-06 
1.951097e-06 
1.950732e-06 
1.950366e-06 
1.950000e-06 
1.949635e-06 
1.949269e-06 
1.948904e-06 
1.948539e-06 
1.948174e-06 
1.947809e-06 
1.947444e-06 
1.947079e-06 
1.946714e-06 
1.946349e-06 
1.945985e-06 
1.945620e-06 
1.945256e-06 
1.944891e-06 
1.944527e-06 
1.944163e-06 
1.943799e-06 
1.943435e-06 
1.943071e-06 
1.942707e-06 
1.942343e-06 
1.941980e-06 
1.941616e-06 
1.941253e-06 
1.940889e-06 
1.940526e-06 
1.940163e-06 
1.939800e-06 
1.939437e-06 
1.939074e-06 
1.938711e-06 
1.938348e-06 
1.937985e-06 
1.937623e-06 
1.937260e-06 
1.936898e-06 
1.936536e-06 
1.936173e-06 
1.935811e-06 
1.935449e-06 
1.935087e-06 
1.934725e-06 
1.934363e-06 
1.934002e-06 
1.933640e-06 
1.933278e-06 
1.932917e-06 
1.932556e-06 
1.932194e-06 
1.931833e-06 
1.931472e-06 
1.931111e-06 
1.930750e-06 
1.930389e-06 
1.930028e-06 
1.929668e-06 
1.929307e-06 
1.928947e-06 
1.928586e-06 
1.928226e-06 
1.927865e-06 
1.927505e-06 
1.927145e-06 
1.926785e-06 
1.926425e-06 
1.926066e-06 
1.925706e-06 
1.925346e-06 
1.924987e-06 
1.924627e-06 
1.924268e-06 
1.923908e-06 
1.923549e-06 
1.923190e-06 
1.922831e-06 
1.922472e-06 
1.922113e-06 
1.921754e-06 
1.921396e-06 
1.921037e-06 
1.920679e-06 
1.920320e-06 
1.919962e-06 
1.919603e-06 
1.919245e-06 
1.918887e-06 
1.918529e-06 
1.918171e-06 
1.917813e-06 
1.917456e-06 
1.917098e-06 
1.916740e-06 
1.916383e-06 
1.916025e-06 
1.915668e-06 
1.915311e-06 
1.914954e-06 
1.914597e-06 
1.914240e-06 
1.913883e-06 
1.913526e-06 
1.913169e-06 
1.912813e-06 
1.912456e-06 
1.912100e-06 
1.911743e-06 
1.911387e-06 
1.911031e-06 
1.910675e-06 
1.910318e-06 
1.909963e-06 
1.909607e-06 
1.909251e-06 
1.908895e-06 
1.908540e-06 
1.908184e-06 
1.907829e-06 
1.907473e-06 
1.907118e-06 
1.906763e-06 
1.906408e-06 
1.906053e-06 
1.905698e-06 
1.905343e-06 
1.904988e-06 
1.904633e-06 
1.904279e-06 
1.903924e-06 
1.903570e-06 
1.903215e-06 
1.902861e-06 
1.902507e-06 
1.902153e-06 
1.901799e-06 
1.901445e-06 
1.901091e-06 
1.900737e-06 
1.900384e-06 
1.900030e-06 
1.899677e-06 
1.899323e-06 
1.898970e-06 
1.898617e-06 
1.898264e-06 
1.897910e-06 
1.897558e-06 
1.897205e-06 
1.896852e-06 
1.896499e-06 
1.896146e-06 
1.895794e-06 
1.895441e-06 
1.895089e-06 
1.894737e-06 
1.894384e-06 
1.894032e-06 
1.893680e-06 
1.893328e-06 
1.892976e-06 
1.892625e-06 
1.892273e-06 
1.891921e-06 
1.891570e-06 
1.891218e-06 
1.890867e-06 
1.890515e-06 
1.890164e-06 
1.889813e-06 
1.889462e-06 
1.889111e-06 
1.888760e-06 
1.888409e-06 
1.888059e-06 
1.887708e-06 
1.887357e-06 
1.887007e-06 
1.886657e-06 
1.886306e-06 
1.885956e-06 
1.885606e-06 
1.885256e-06 
1.884906e-06 
1.884556e-06 
1.884206e-06 
1.883857e-06 
1.883507e-06 
1.883157e-06 
1.882808e-06 
1.882459e-06 
1.882109e-06 
1.881760e-06 
1.881411e-06 
1.881062e-06 
1.880713e-06 
1.880364e-06 
1.880015e-06 
1.879666e-06 
1.879318e-06 
1.878969e-06 
1.878621e-06 
1.878272e-06 
1.877924e-06 
1.877576e-06 
1.877228e-06 
1.876880e-06 
1.876532e-06 
1.876184e-06 
1.875836e-06 
1.875488e-06 
1.875141e-06 
1.874793e-06 
1.874446e-06 
1.874098e-06 
1.873751e-06 
1.873404e-06 
1.873057e-06 
1.872710e-06 
1.872363e-06 
1.872016e-06 
1.871669e-06 
1.871322e-06 
1.870976e-06 
1.870629e-06 
1.870282e-06 
1.869936e-06 
1.869590e-06 
1.869244e-06 
1.868897e-06 
1.868551e-06 
1.868205e-06 
1.867859e-06 
1.867514e-06 
1.867168e-06 
1.866822e-06 
1.866477e-06 
1.866131e-06 
1.865786e-06 
1.865440e-06 
1.865095e-06 
1.864750e-06 
1.864405e-06 
1.864060e-06 
1.863715e-06 
1.863370e-06 
1.863025e-06 
1.862681e-06 
1.862336e-06 
1.861992e-06 
1.861647e-06 
1.861303e-06 
1.860959e-06 
1.860615e-06 
1.860270e-06 
1.859926e-06 
1.859582e-06 
1.859239e-06 
1.858895e-06 
1.858551e-06 
1.858208e-06 
1.857864e-06 
1.857521e-06 
1.857177e-06 
1.856834e-06 
1.856491e-06 
1.856148e-06 
1.855805e-06 
1.855462e-06 
1.855119e-06 
1.854776e-06 
1.854433e-06 
1.854091e-06 
1.853748e-06 
1.853406e-06 
1.853063e-06 
1.852721e-06 
1.852379e-06 
1.852037e-06 
1.851695e-06 
1.851353e-06 
1.851011e-06 
1.850669e-06 
1.850327e-06 
1.849986e-06 
1.849644e-06 
1.849302e-06 
1.848961e-06 
1.848620e-06 
1.848278e-06 
1.847937e-06 
1.847596e-06 
1.847255e-06 
1.846914e-06 
1.846573e-06 
1.846233e-06 
1.845892e-06 
1.845551e-06 
1.845211e-06 
1.844870e-06 
1.844530e-06 
1.844190e-06 
1.843850e-06 
1.843510e-06 
1.843170e-06 
1.842830e-06 
1.842490e-06 
1.842150e-06 
1.841810e-06 
1.841471e-06 
1.841131e-06 
1.840792e-06 
1.840452e-06 
1.840113e-06 
1.839774e-06 
1.839434e-06 
1.839095e-06 
1.838756e-06 
1.838418e-06 
1.838079e-06 
1.837740e-06 
1.837401e-06 
1.837063e-06 
1.836724e-06 
1.836386e-06 
1.836047e-06 
1.835709e-06 
1.835371e-06 
1.835033e-06 
1.834695e-06 
1.834357e-06 
1.834019e-06 
1.833681e-06 
1.833344e-06 
1.833006e-06 
1.832668e-06 
1.832331e-06 
1.831994e-06 
1.831656e-06 
1.831319e-06 
1.830982e-06 
1.830645e-06 
1.830308e-06 
1.829971e-06 
1.829634e-06 
1.829297e-06 
1.828961e-06 
1.828624e-06 
1.828288e-06 
1.827951e-06 
1.827615e-06 
1.827279e-06 
1.826942e-06 
1.826606e-06 
1.826270e-06 
1.825934e-06 
1.825598e-06 
1.825263e-06 
1.824927e-06 
1.824591e-06 
1.824256e-06 
1.823920e-06 
1.823585e-06 
1.823250e-06 
1.822914e-06 
1.822579e-06 
1.822244e-06 
1.821909e-06 
1.821574e-06 
1.821239e-06 
1.820905e-06 
1.820570e-06 
1.820235e-06 
1.819901e-06 
1.819566e-06 
1.819232e-06 
1.818898e-06 
1.818563e-06 
1.818229e-06 
1.817895e-06 
1.817561e-06 
1.817227e-06 
1.816894e-06 
1.816560e-06 
1.816226e-06 
1.815893e-06 
1.815559e-06 
1.815226e-06 
1.814892e-06 
1.814559e-06 
1.814226e-06 
1.813893e-06 
1.813560e-06 
1.813227e-06 
1.812894e-06 
1.812561e-06 
1.812229e-06 
1.811896e-06 
1.811563e-06 
1.811231e-06 
1.810898e-06 
1.810566e-06 
1.810234e-06 
1.809902e-06 
1.809570e-06 
1.809238e-06 
1.808906e-06 
1.808574e-06 
1.808242e-06 
1.807910e-06 
1.807579e-06 
1.807247e-06 
1.806916e-06 
1.806584e-06 
1.806253e-06 
1.805922e-06 
1.805591e-06 
1.805260e-06 
1.804929e-06 
1.804598e-06 
1.804267e-06 
1.803936e-06 
1.803606e-06 
1.803275e-06 
1.802944e-06 
1.802614e-06 
1.802284e-06 
1.801953e-06 
1.801623e-06 
1.801293e-06 
1.800963e-06 
1.800633e-06 
1.800303e-06 
1.799973e-06 
1.799644e-06 
1.799314e-06 
1.798984e-06 
1.798655e-06 
1.798325e-06 
1.797996e-06 
1.797667e-06 
1.797338e-06 
1.797008e-06 
1.796679e-06 
1.796350e-06 
1.796022e-06 
1.795693e-06 
1.795364e-06 
1.795035e-06 
1.794707e-06 
1.794378e-06 
1.794050e-06 
1.793721e-06 
1.793393e-06 
1.793065e-06 
1.792737e-06 
1.792409e-06 
1.792081e-06 
1.791753e-06 
1.791425e-06 
1.791097e-06 
1.790770e-06 
1.790442e-06 
1.790115e-06 
1.789787e-06 
1.789460e-06 
1.789133e-06 
1.788806e-06 
1.788478e-06 
1.788151e-06 
1.787824e-06 
1.787498e-06 
1.787171e-06 
1.786844e-06 
1.786517e-06 
1.786191e-06 
1.785864e-06 
1.785538e-06 
1.785212e-06 
1.784885e-06 
1.784559e-06 
1.784233e-06 
1.783907e-06 
1.783581e-06 
1.783255e-06 
1.782929e-06 
1.782604e-06 
1.782278e-06 
1.781952e-06 
1.781627e-06 
1.781301e-06 
1.780976e-06 
1.780651e-06 
1.780326e-06 
1.780000e-06 
1.779675e-06 
1.779350e-06 
1.779026e-06 
1.778701e-06 
1.778376e-06 
1.778051e-06 
1.777727e-06 
1.777402e-06 
1.777078e-06 
1.776753e-06 
1.776429e-06 
1.776105e-06 
1.775781e-06 
1.775457e-06 
1.775133e-06 
1.774809e-06 
1.774485e-06 
1.774161e-06 
1.773838e-06 
1.773514e-06 
1.773191e-06 
1.772867e-06 
1.772544e-06 
1.772220e-06 
1.771897e-06 
1.771574e-06 
1.771251e-06 
1.770928e-06 
1.770605e-06 
1.770282e-06 
1.769959e-06 
1.769637e-06 
1.769314e-06 
1.768992e-06 
1.768669e-06 
1.768347e-06 
1.768024e-06 
1.767702e-06 
1.767380e-06 
1.767058e-06 
1.766736e-06 
1.766414e-06 
1.766092e-06 
1.765770e-06 
1.765449e-06 
1.765127e-06 
1.764806e-06 
1.764484e-06 
1.764163e-06 
1.763841e-06 
1.763520e-06 
1.763199e-06 
1.762878e-06 
1.762557e-06 
1.762236e-06 
1.761915e-06 
1.761594e-06 
1.761273e-06 
1.760953e-06 
1.760632e-06 
1.760312e-06 
1.759991e-06 
1.759671e-06 
1.759351e-06 
1.759030e-06 
1.758710e-06 
1.758390e-06 
1.758070e-06 
1.757750e-06 
1.757431e-06 
1.757111e-06 
1.756791e-06 
1.756472e-06 
1.756152e-06 
1.755833e-06 
1.755513e-06 
1.755194e-06 
1.754875e-06 
1.754555e-06 
1.754236e-06 
1.753917e-06 
1.753598e-06 
1.753280e-06 
1.752961e-06 
1.752642e-06 
1.752323e-06 
1.752005e-06 
1.751686e-06 
1.751368e-06 
1.751050e-06 
1.750731e-06 
1.750413e-06 
1.750095e-06 
1.749777e-06 
1.749459e-06 
1.749141e-06 
1.748823e-06 
1.748506e-06 
1.748188e-06 
1.747870e-06 
1.747553e-06 
1.747235e-06 
1.746918e-06 
1.746601e-06 
1.746284e-06 
1.745966e-06 
1.745649e-06 
1.745332e-06 
1.745015e-06 
1.744699e-06 
1.744382e-06 
1.744065e-06 
1.743748e-06 
1.743432e-06 
1.743115e-06 
1.742799e-06 
1.742483e-06 
1.742166e-06 
1.741850e-06 
1.741534e-06 
1.741218e-06 
1.740902e-06 
1.740586e-06 
1.740270e-06 
1.739955e-06 
1.739639e-06 
1.739323e-06 
1.739008e-06 
1.738692e-06 
1.738377e-06 
1.738062e-06 
1.737747e-06 
1.737431e-06 
1.737116e-06 
1.736801e-06 
1.736486e-06 
1.736172e-06 
1.735857e-06 
1.735542e-06 
1.735227e-06 
1.734913e-06 
1.734598e-06 
1.734284e-06 
1.733970e-06 
1.733655e-06 
1.733341e-06 
1.733027e-06 
1.732713e-06 
1.732399e-06 
1.732085e-06 
1.731771e-06 
1.731457e-06 
1.731144e-06 
1.730830e-06 
1.730517e-06 
1.730203e-06 
1.729890e-06 
1.729576e-06 
1.729263e-06 
1.728950e-06 
1.728637e-06 
1.728324e-06 
1.728011e-06 
1.727698e-06 
1.727385e-06 
1.727072e-06 
1.726760e-06 
1.726447e-06 
1.726135e-06 
1.725822e-06 
1.725510e-06 
1.725198e-06 
1.724885e-06 
1.724573e-06 
1.724261e-06 
1.723949e-06 
1.723637e-06 
1.723325e-06 
1.723013e-06 
1.722702e-06 
1.722390e-06 
1.722079e-06 
1.721767e-06 
1.721456e-06 
1.721144e-06 
1.720833e-06 
1.720522e-06 
1.720211e-06 
1.719900e-06 
1.719589e-06 
1.719278e-06 
1.718967e-06 
1.718656e-06 
1.718345e-06 
1.718035e-06 
1.717724e-06 
1.717414e-06 
1.717103e-06 
1.716793e-06 
1.716483e-06 
1.716172e-06 
1.715862e-06 
1.715552e-06 
1.715242e-06 
1.714932e-06 
1.714622e-06 
1.714313e-06 
1.714003e-06 
1.713693e-06 
1.713384e-06 
1.713074e-06 
1.712765e-06 
1.712455e-06 
1.712146e-06 
1.711837e-06 
1.711528e-06 
1.711219e-06 
1.710910e-06 
1.710601e-06 
1.710292e-06 
1.709983e-06 
1.709675e-06 
1.709366e-06 
1.709058e-06 
1.708749e-06 
1.708441e-06 
1.708132e-06 
1.707824e-06 
1.707516e-06 
1.707208e-06 
1.706900e-06 
1.706592e-06 
1.706284e-06 
1.705976e-06 
1.705668e-06 
1.705360e-06 
1.705053e-06 
1.704745e-06 
1.704438e-06 
1.704130e-06 
1.703823e-06 
1.703516e-06 
1.703209e-06 
1.702902e-06 
1.702594e-06 
1.702288e-06 
1.701981e-06 
1.701674e-06 
1.701367e-06 
1.701060e-06 
1.700754e-06 
1.700447e-06 
1.700141e-06 
1.699834e-06 
1.699528e-06 
1.699222e-06 
1.698915e-06 
1.698609e-06 
1.698303e-06 
1.697997e-06 
1.697691e-06 
1.697386e-06 
1.697080e-06 
1.696774e-06 
1.696468e-06 
1.696163e-06 
1.695857e-06 
1.695552e-06 
1.695247e-06 
1.694941e-06 
1.694636e-06 
1.694331e-06 
1.694026e-06 
1.693721e-06 
1.693416e-06 
1.693111e-06 
1.692806e-06 
1.692502e-06 
1.692197e-06 
1.691892e-06 
1.691588e-06 
1.691284e-06 
1.690979e-06 
1.690675e-06 
1.690371e-06 
1.690067e-06 
1.689762e-06 
1.689458e-06 
1.689155e-06 
1.688851e-06 
1.688547e-06 
1.688243e-06 
1.687939e-06 
1.687636e-06 
1.687332e-06 
1.687029e-06 
1.686726e-06 
1.686422e-06 
1.686119e-06 
1.685816e-06 
1.685513e-06 
1.685210e-06 
1.684907e-06 
1.684604e-06 
1.684301e-06 
1.683998e-06 
1.683696e-06 
1.683393e-06 
1.683091e-06 
1.682788e-06 
1.682486e-06 
1.682183e-06 
1.681881e-06 
1.681579e-06 
1.681277e-06 
1.680975e-06 
1.680673e-06 
1.680371e-06 
1.680069e-06 
1.679767e-06 
1.679466e-06 
1.679164e-06 
1.678862e-06 
1.678561e-06 
1.678260e-06 
1.677958e-06 
1.677657e-06 
1.677356e-06 
1.677055e-06 
1.676753e-06 
1.676452e-06 
1.676152e-06 
1.675851e-06 
1.675550e-06 
1.675249e-06 
1.674949e-06 
1.674648e-06 
1.674347e-06 
1.674047e-06 
1.673747e-06 
1.673446e-06 
1.673146e-06 
1.672846e-06 
1.672546e-06 
1.672246e-06 
1.671946e-06 
1.671646e-06 
1.671346e-06 
1.671046e-06 
1.670747e-06 
1.670447e-06 
1.670148e-06 
1.669848e-06 
1.669549e-06 
1.669249e-06 
1.668950e-06 
1.668651e-06 
1.668352e-06 
1.668053e-06 
1.667754e-06 
1.667455e-06 
1.667156e-06 
1.666857e-06 
1.666558e-06 
1.666260e-06 
1.665961e-06 
1.665663e-06 
1.665364e-06 
1.665066e-06 
1.664768e-06 
1.664469e-06 
1.664171e-06 
1.663873e-06 
1.663575e-06 
1.663277e-06 
1.662979e-06 
1.662681e-06 
1.662384e-06 
1.662086e-06 
1.661788e-06 
1.661491e-06 
1.661193e-06 
1.660896e-06 
1.660599e-06 
1.660301e-06 
1.660004e-06 
1.659707e-06 
1.659410e-06 
1.659113e-06 
1.658816e-06 
1.658519e-06 
1.658222e-06 
1.657926e-06 
1.657629e-06 
1.657332e-06 
1.657036e-06 
1.656739e-06 
1.656443e-06 
1.656147e-06 
1.655850e-06 
1.655554e-06 
1.655258e-06 
1.654962e-06 
1.654666e-06 
1.654370e-06 
1.654074e-06 
1.653779e-06 
1.653483e-06 
1.653187e-06 
1.652892e-06 
1.652596e-06 
1.652301e-06 
1.652005e-06 
1.651710e-06 
1.651415e-06 
1.651120e-06 
1.650825e-06 
1.650530e-06 
1.650235e-06 
1.649940e-06 
1.649645e-06 
1.649350e-06 
1.649055e-06 
1.648761e-06 
1.648466e-06 
1.648172e-06 
1.647877e-06 
1.647583e-06 
1.647289e-06 
1.646994e-06 
1.646700e-06 
1.646406e-06 
1.646112e-06 
1.645818e-06 
1.645524e-06 
1.645231e-06 
1.644937e-06 
1.644643e-06 
1.644350e-06 
1.644056e-06 
1.643763e-06 
1.643469e-06 
1.643176e-06 
1.642883e-06 
1.642589e-06 
1.642296e-06 
1.642003e-06 
1.641710e-06 
1.641417e-06 
1.641124e-06 
1.640832e-06 
1.640539e-06 
1.640246e-06 
1.639954e-06 
1.639661e-06 
1.639369e-06 
1.639076e-06 
1.638784e-06 
1.638492e-06 
1.638199e-06 
1.637907e-06 
1.637615e-06 
1.637323e-06 
1.637031e-06 
1.636740e-06 
1.636448e-06 
1.636156e-06 
1.635864e-06 
1.635573e-06 
1.635281e-06 
1.634990e-06 
1.634698e-06 
1.634407e-06 
1.634116e-06 
1.633825e-06 
1.633533e-06 
1.633242e-06 
1.632951e-06 
1.632661e-06 
1.632370e-06 
1.632079e-06 
1.631788e-06 
1.631497e-06 
1.631207e-06 
1.630916e-06 
1.630626e-06 
1.630336e-06 
1.630045e-06 
1.629755e-06 
1.629465e-06 
1.629175e-06 
1.628885e-06 
1.628595e-06 
1.628305e-06 
1.628015e-06 
1.627725e-06 
1.627435e-06 
1.627146e-06 
1.626856e-06 
1.626567e-06 
1.626277e-06 
1.625988e-06 
1.625698e-06 
1.625409e-06 
1.625120e-06 
1.624831e-06 
1.624542e-06 
1.624253e-06 
1.623964e-06 
1.623675e-06 
1.623386e-06 
1.623097e-06 
1.622809e-06 
1.622520e-06 
1.622232e-06 
1.621943e-06 
1.621655e-06 
1.621366e-06 
1.621078e-06 
1.620790e-06 
1.620502e-06 
1.620214e-06 
1.619926e-06 
1.619638e-06 
1.619350e-06 
1.619062e-06 
1.618774e-06 
1.618487e-06 
1.618199e-06 
1.617911e-06 
1.617624e-06 
1.617337e-06 
1.617049e-06 
1.616762e-06 
1.616475e-06 
1.616188e-06 
1.615900e-06 
1.615613e-06 
1.615327e-06 
1.615040e-06 
1.614753e-06 
1.614466e-06 
1.614179e-06 
1.613893e-06 
1.613606e-06 
1.613320e-06 
1.613033e-06 
1.612747e-06 
1.612461e-06 
1.612174e-06 
1.611888e-06 
1.611602e-06 
1.611316e-06 
1.611030e-06 
1.610744e-06 
1.610458e-06 
1.610173e-06 
1.609887e-06 
1.609601e-06 
1.609316e-06 
1.609030e-06 
1.608745e-06 
1.608459e-06 
1.608174e-06 
1.607889e-06 
1.607603e-06 
1.607318e-06 
1.607033e-06 
1.606748e-06 
1.606463e-06 
1.606178e-06 
1.605894e-06 
1.605609e-06 
1.605324e-06 
1.605040e-06 
1.604755e-06 
1.604471e-06 
1.604186e-06 
1.603902e-06 
1.603618e-06 
1.603333e-06 
1.603049e-06 
1.602765e-06 
1.602476e-06 
1.602187e-06 
1.601897e-06 
1.601608e-06 
1.601319e-06 
1.601030e-06 
1.600741e-06 
1.600452e-06 
1.600163e-06 
1.599875e-06 
1.599586e-06 
1.599297e-06 
1.599009e-06 
1.598720e-06 
1.598432e-06 
1.598143e-06 
1.597855e-06 
1.597567e-06 
1.597279e-06 
1.596990e-06 
1.596702e-06 
1.596414e-06 
1.596127e-06 
1.595839e-06 
1.595551e-06 
1.595263e-06 
1.594976e-06 
1.594688e-06 
1.594400e-06 
1.594113e-06 
1.593826e-06 
1.593538e-06 
1.593251e-06 
1.592964e-06 
1.592677e-06 
1.592390e-06 
1.592103e-06 
1.591816e-06 
1.591529e-06 
1.591242e-06 
1.590955e-06 
1.590669e-06 
1.590382e-06 
1.590096e-06 
1.589809e-06 
1.589523e-06 
1.589237e-06 
1.588950e-06 
1.588664e-06 
1.588378e-06 
1.588092e-06 
1.587806e-06 
1.587520e-06 
1.587234e-06 
1.586948e-06 
1.586663e-06 
1.586377e-06 
1.586091e-06 
1.585806e-06 
1.585520e-06 
1.585235e-06 
1.584950e-06 
1.584664e-06 
1.584379e-06 
1.584094e-06 
1.583809e-06 
1.583524e-06 
1.583239e-06 
1.582954e-06 
1.582669e-06 
1.582385e-06 
1.582100e-06 
1.581815e-06 
1.581531e-06 
1.581246e-06 
1.580962e-06 
1.580678e-06 
1.580393e-06 
1.580109e-06 
1.579825e-06 
1.579541e-06 
1.579257e-06 
1.578973e-06 
1.578689e-06 
1.578405e-06 
1.578121e-06 
1.577838e-06 
1.577554e-06 
1.577271e-06 
1.576987e-06 
1.576704e-06 
1.576420e-06 
1.576137e-06 
1.575854e-06 
1.575571e-06 
1.575287e-06 
1.575004e-06 
1.574721e-06 
1.574438e-06 
1.574156e-06 
1.573873e-06 
1.573590e-06 
1.573308e-06 
1.573025e-06 
1.572742e-06 
1.572460e-06 
1.572178e-06 
1.571895e-06 
1.571613e-06 
1.571331e-06 
1.571049e-06 
1.570767e-06 
1.570485e-06 
1.570203e-06 
1.569921e-06 
1.569639e-06 
1.569357e-06 
1.569076e-06 
1.568794e-06 
1.568512e-06 
1.568231e-06 
1.567950e-06 
1.567668e-06 
1.567387e-06 
1.567106e-06 
1.566825e-06 
1.566543e-06 
1.566262e-06 
1.565981e-06 
1.565701e-06 
1.565420e-06 
1.565139e-06 
1.564858e-06 
1.564578e-06 
1.564297e-06 
1.564017e-06 
1.563736e-06 
1.563456e-06 
1.563175e-06 
1.562895e-06 
1.562615e-06 
1.562335e-06 
1.562055e-06 
1.561775e-06 
1.561495e-06 
1.561215e-06 
1.560935e-06 
1.560655e-06 
1.560376e-06 
1.560096e-06 
1.559817e-06 
1.559537e-06 
1.559258e-06 
1.558978e-06 
1.558699e-06 
1.558420e-06 
1.558141e-06 
1.557862e-06 
1.557583e-06 
1.557304e-06 
1.557025e-06 
1.556746e-06 
1.556467e-06 
1.556188e-06 
1.555910e-06 
1.555631e-06 
1.555353e-06 
1.555074e-06 
1.554796e-06 
1.554517e-06 
1.554239e-06 
1.553961e-06 
1.553683e-06 
1.553405e-06 
1.553127e-06 
1.552849e-06 
1.552571e-06 
1.552293e-06 
1.552015e-06 
1.551738e-06 
1.551460e-06 
1.551182e-06 
1.550905e-06 
1.550627e-06 
1.550350e-06 
1.550073e-06 
1.549796e-06 
1.549518e-06 
1.549241e-06 
1.548964e-06 
1.548687e-06 
1.548410e-06 
1.548133e-06 
1.547857e-06 
1.547580e-06 
1.547303e-06 
1.547027e-06 
1.546750e-06 
1.546474e-06 
1.546197e-06 
1.545921e-06 
1.545644e-06 
1.545368e-06 
1.545092e-06 
1.544816e-06 
1.544540e-06 
1.544264e-06 
1.543988e-06 
1.543712e-06 
1.543436e-06 
1.543161e-06 
1.542885e-06 
1.542609e-06 
1.542334e-06 
1.542058e-06 
1.541783e-06 
1.541508e-06 
1.541232e-06 
1.540957e-06 
1.540682e-06 
1.540407e-06 
1.540132e-06 
1.539857e-06 
1.539582e-06 
1.539307e-06 
1.539032e-06 
1.538758e-06 
1.538483e-06 
1.538208e-06 
1.537934e-06 
1.537659e-06 
1.537385e-06 
1.537111e-06 
1.536836e-06 
1.536562e-06 
1.536288e-06 
1.536014e-06 
1.535740e-06 
1.535466e-06 
1.535192e-06 
1.534918e-06 
1.534644e-06 
1.534371e-06 
1.534097e-06 
1.533823e-06 
1.533550e-06 
1.533276e-06 
1.533003e-06 
1.532730e-06 
1.532456e-06 
1.532183e-06 
1.531910e-06 
1.531637e-06 
1.531364e-06 
1.531091e-06 
1.530818e-06 
1.530545e-06 
1.530272e-06 
1.530000e-06 
1.529727e-06 
1.529454e-06 
1.529182e-06 
1.528910e-06 
1.528637e-06 
1.528365e-06 
1.528092e-06 
1.527820e-06 
1.527548e-06 
1.527276e-06 
1.527004e-06 
1.526732e-06 
1.526460e-06 
1.526188e-06 
1.525916e-06 
1.525645e-06 
1.525373e-06 
1.525101e-06 
1.524830e-06 
1.524558e-06 
1.524287e-06 
1.524016e-06 
1.523744e-06 
1.523473e-06 
1.523202e-06 
1.522931e-06 
1.522660e-06 
1.522389e-06 
1.522118e-06 
1.521847e-06 
1.521576e-06 
1.521306e-06 
1.521035e-06 
1.520764e-06 
1.520494e-06 
1.520223e-06 
1.519953e-06 
1.519683e-06 
1.519412e-06 
1.519142e-06 
1.518872e-06 
1.518602e-06 
1.518332e-06 
1.518062e-06 
1.517792e-06 
1.517522e-06 
1.517252e-06 
1.516982e-06 
1.516713e-06 
1.516443e-06 
1.516173e-06 
1.515904e-06 
1.515635e-06 
1.515365e-06 
1.515096e-06 
1.514827e-06 
1.514557e-06 
1.514288e-06 
1.514019e-06 
1.513750e-06 
1.513481e-06 
1.513212e-06 
1.512944e-06 
1.512675e-06 
1.512406e-06 
1.512137e-06 
1.511869e-06 
1.511600e-06 
1.511332e-06 
1.511063e-06 
1.510795e-06 
1.510527e-06 
1.510259e-06 
1.509990e-06 
1.509722e-06 
1.509454e-06 
1.509186e-06 
1.508918e-06 
1.508651e-06 
1.508383e-06 
1.508115e-06 
1.507847e-06 
1.507580e-06 
1.507312e-06 
1.507045e-06 
1.506777e-06 
1.506510e-06 
1.506243e-06 
1.505975e-06 
1.505708e-06 
1.505441e-06 
1.505174e-06 
1.504907e-06 
1.504640e-06 
1.504373e-06 
1.504107e-06 
1.503840e-06 
1.503573e-06 
1.503306e-06 
1.503040e-06 
1.502773e-06 
1.502507e-06 
1.502241e-06 
1.501974e-06 
1.501708e-06 
1.501442e-06 
1.501176e-06 
1.500909e-06 
1.500643e-06 
1.500377e-06 
1.500112e-06 
1.499846e-06 
1.499580e-06 
1.499314e-06 
1.499049e-06 
1.498783e-06 
1.498517e-06 
1.498252e-06 
1.497986e-06 
1.497721e-06 
1.497456e-06 
1.497191e-06 
1.496925e-06 
1.496660e-06 
1.496395e-06 
1.496130e-06 
1.495865e-06 
1.495600e-06 
1.495336e-06 
1.495071e-06 
1.494806e-06 
1.494541e-06 
1.494277e-06 
1.494012e-06 
1.493748e-06 
1.493484e-06 
1.493219e-06 
1.492955e-06 
1.492691e-06 
1.492426e-06 
1.492162e-06 
1.491898e-06 
1.491634e-06 
1.491370e-06 
1.491107e-06 
1.490843e-06 
1.490579e-06 
1.490315e-06 
1.490052e-06 
1.489788e-06 
1.489525e-06 
1.489261e-06 
1.488998e-06 
1.488735e-06 
1.488471e-06 
1.488208e-06 
1.487945e-06 
1.487682e-06 
1.487419e-06 
1.487156e-06 
1.486893e-06 
1.486630e-06 
1.486367e-06 
1.486105e-06 
1.485842e-06 
1.485579e-06 
1.485317e-06 
1.485054e-06 
1.484792e-06 
1.484529e-06 
1.484267e-06 
1.484005e-06 
1.483743e-06 
1.483481e-06 
1.483218e-06 
1.482956e-06 
1.482694e-06 
1.482433e-06 
1.482171e-06 
1.481909e-06 
1.481647e-06 
1.481386e-06 
1.481124e-06 
1.480862e-06 
1.480601e-06 
1.480340e-06 
1.480078e-06 
1.479817e-06 
1.479556e-06 
1.479294e-06 
1.479033e-06 
1.478772e-06 
1.478511e-06 
1.478250e-06 
1.477989e-06 
1.477729e-06 
1.477468e-06 
1.477207e-06 
1.476946e-06 
1.476686e-06 
1.476425e-06 
1.476165e-06 
1.475904e-06 
1.475644e-06 
1.475384e-06 
1.475124e-06 
1.474863e-06 
1.474603e-06 
1.474343e-06 
1.474083e-06 
1.473823e-06 
1.473563e-06 
1.473303e-06 
1.473044e-06 
1.472784e-06 
1.472524e-06 
1.472265e-06 
1.472005e-06 
1.471746e-06 
1.471486e-06 
1.471227e-06 
1.470968e-06 
1.470708e-06 
1.470449e-06 
1.470190e-06 
1.469931e-06 
1.469672e-06 
1.469413e-06 
1.469154e-06 
1.468895e-06 
1.468637e-06 
1.468378e-06 
1.468119e-06 
1.467861e-06 
1.467602e-06 
1.467344e-06 
1.467085e-06 
1.466827e-06 
1.466568e-06 
1.466310e-06 
1.466052e-06 
